50 50 50 50 50 50 10 10 10 50 50 50 50 50 50 50 50 50 50 50 50 50 50 50 50 50 50 50 50 50 50 50 50 50 50 50 50 50 50 50 50 50 50 50 50 50 50 50 50 50 50 50 50 50 50 50 50 50 50 50 50 50 50 50 50 50 50 50 50 50 50 50 50 10 50 50 50 50 50 50 50 50 50 50 50 50 50 50 50 60 50 50 50 50 50 50 50 50 50 50 50 50 50 50 50 50 50 50 50 50 50 50 50 50 50 50 50 50 50 50 50 50 50 50 50 50 50 50 50 50 50 50 50 50 50 50 50 50 50 10 10 50 50 10 10 10 10 10 10 10 10 10 50 50 50 50 50 50 50 50 50 50 50 50 50 50 50 50 50 50 50 50 50 50 50 50 50 50 50 50 50 50 50 50 50 50 50
50 50 50 50 50 50 10 10 10 50 50 50 50 50 50 50 50 50 50 50 50 50 50 50 50 50 50 50 50 50 50 50 50 50 50 50 50 50 50 50 50 50 50 50 50 50 50 50 50 50 50 50 50 50 50 50 50 50 50 50 50 50 50 50 50 50 50 50 50 50 50 50 50 50 50 50 50 50 50 50 50 50 50 50 50 50 50 50 50 50 50 50 50 50 50 50 50 50 50 50 50 50 50 50 50 50 50 50 50 50 50 50 50 50 50 50 80 50 50 50 50 50 50 50 50 10 50 50 50 50 50 50 50 50 50 50 50 50 50 10 50 10 10 10 10 10 50 50 50 10 10 50 50 50 50 50 50 50 50 50 50 50 50 50 50 50 50 50 50 50 50 50 50 50 50 50 50 50 50 50 50 50 50 50 50 50 50
50 50 50 50 50 50 50 10 10 50 50 50 50 50 50 50 50 50 50 50 50 50 50 50 50 50 50 50 50 50 50 50 50 50 50 50 50 50 50 50 50 50 50 50 50 50 50 50 50 50 50 50 50 50 50 50 10 50 50 50 50 50 50 50 50 50 50 50 50 50 50 50 50 50 50 10 10 10 10 10 50 50 50 50 50 50 50 50 50 50 50 50 30 50 50 50 50 50 50 50 50 50 50 50 50 50 50 50 50 50 50 50 50 50 50 50 50 50 50 50 50 50 50 50 50 50 50 50 50 50 50 50 50 50 50 50 50 50 50 50 50 10 10 10 10 50 50 50 50 50 50 50 50 50 50 50 50 50 50 50 50 50 50 50 50 50 50 50 50 50 50 50 50 50 50 50 50 50 50 50 50 50 50 50 50 50 50
50 50 50 50 50 50 50 10 50 50 50 50 50 50 50 50 50 50 50 50 50 50 50 50 50 50 50 50 50 50 50 50 50 50 50 50 50 50 50 50 50 50 50 50 50 50 50 50 50 50 50 50 50 50 50 50 50 50 50 50 50 50 50 50 50 50 50 50 50 50 50 50 50 50 50 10 10 10 50 50 50 50 50 50 50 50 50 50 50 50 50 50 50 50 50 50 50 50 50 50 50 50 50 50 50 50 50 50 50 10 50 50 50 50 50 50 50 50 50 50 50 50 50 50 50 50 50 50 50 50 50 50 50 50 50 50 50 50 50 50 50 50 50 50 50 50 50 50 50 50 50 50 50 50 50 50 50 50 50 50 50 50 50 50 50 50 50 50 50 30 30 50 50 50 50 50 50 50 50 50 50 50 50 50 50 50 50
50 50 50 50 50 50 50 50 50 50 50 50 50 50 50 50 50 50 50 50 50 50 50 50 50 50 50 50 50 50 50 50 50 50 50 50 50 50 50 50 50 50 50 50 50 50 50 50 50 50 50 50 50 50 50 50 50 50 50 50 50 50 50 50 50 50 50 50 50 50 50 50 50 50 50 10 10 50 50 50 50 50 50 50 50 50 50 50 50 50 50 50 60 50 50 50 50 50 50 50 50 50 50 50 50 50 50 50 10 10 10 50 50 50 50 50 50 50 50 50 50 50 50 50 50 50 50 50 50 50 50 50 50 50 50 50 50 50 50 50 50 50 50 50 50 50 50 50 50 50 50 50 50 50 50 50 50 50 10 50 50 50 50 50 50 50 50 50 50 30 50 50 50 50 50 50 50 50 50 50 50 50 50 50 50 10 10
50 50 50 50 50 50 50 50 50 50 50 50 50 50 50 50 50 50 50 50 50 50 50 50 50 50 50 50 50 50 50 50 50 50 50 50 50 50 50 50 50 50 50 50 50 50 50 50 50 50 50 50 50 50 50 50 50 50 50 50 50 50 50 50 50 50 50 50 50 50 50 50 50 50 50 50 50 50 50 50 50 50 50 50 50 50 50 50 50 50 50 50 50 50 50 50 50 50 50 50 50 50 50 50 50 60 10 60 60 10 50 50 50 50 50 50 50 50 50 50 50 50 50 50 50 50 50 50 50 50 50 50 50 50 50 50 50 50 50 50 50 50 50 50 50 50 50 50 50 50 50 50 50 50 50 50 50 50 50 50 50 50 50 50 50 50 50 50 50 50 50 50 50 50 50 50 50 50 50 50 50 50 50 50 50 50 10
50 50 50 50 50 50 50 50 50 50 50 50 50 50 50 50 50 50 50 50 50 50 50 50 50 50 50 50 50 50 50 50 50 50 50 50 50 50 50 50 50 50 50 50 50 50 50 50 50 50 50 50 50 50 50 50 50 50 50 50 50 50 50 50 50 50 50 50 50 50 50 50 50 50 50 50 50 50 50 50 50 50 50 50 50 50 50 50 50 50 50 50 50 50 50 50 50 50 50 50 50 50 50 60 60 60 60 60 60 50 50 50 50 50 50 50 50 50 50 50 50 50 50 50 50 50 50 50 50 50 50 50 50 50 50 50 50 50 50 50 50 50 50 50 50 50 50 50 50 50 50 50 50 50 50 50 50 50 50 50 50 50 50 50 50 50 50 50 50 50 50 50 50 50 50 50 50 50 50 50 50 50 50 50 50 50 10
50 50 50 50 50 50 50 50 50 50 50 50 50 10 10 10 10 50 50 50 50 50 50 50 50 50 50 50 50 50 50 50 50 50 50 50 50 50 50 50 50 50 50 50 50 50 50 50 50 50 50 50 50 50 50 50 50 50 50 50 50 50 50 50 50 50 50 50 50 50 50 50 50 50 50 50 50 50 50 50 50 50 50 50 50 50 50 50 50 50 50 50 50 50 50 50 50 50 50 50 50 10 60 60 60 60 60 60 60 50 50 50 50 50 50 50 50 50 50 50 50 50 50 50 50 50 50 50 50 50 50 50 50 50 50 50 50 50 50 50 50 50 50 50 50 50 50 50 50 50 50 50 50 50 50 50 50 50 50 50 50 50 50 50 50 50 50 50 50 50 50 50 50 50 50 50 50 50 50 50 50 50 50 50 50 50 50
50 50 50 50 50 50 50 50 50 50 50 50 50 10 10 10 50 50 50 50 50 50 50 50 50 50 50 50 50 50 50 50 50 50 50 50 50 50 50 50 50 50 50 50 50 50 50 50 50 50 50 50 50 50 50 50 50 50 50 50 50 50 50 50 50 50 50 50 50 50 50 50 50 50 50 10 10 50 50 50 50 50 50 50 50 50 50 50 50 50 30 30 50 50 50 30 50 50 50 50 50 50 50 60 60 60 60 60 60 50 50 50 50 50 50 50 50 50 50 50 50 50 50 50 50 50 50 50 50 50 50 50 50 50 50 50 50 50 50 50 50 50 50 50 50 50 50 50 50 50 50 50 50 50 50 50 50 50 50 50 50 50 50 50 50 50 50 50 50 50 50 50 50 50 50 50 50 50 50 50 50 50 50 50 50 50 50
50 50 50 50 50 50 50 50 50 50 50 50 50 50 50 50 50 50 50 50 50 50 50 50 50 50 50 50 50 50 50 50 50 50 50 50 50 50 50 50 50 50 50 50 50 50 50 50 50 50 50 50 50 50 50 50 50 50 50 50 50 50 50 50 50 50 50 50 50 50 50 50 50 50 50 50 50 50 50 50 50 50 50 50 50 50 50 50 50 50 30 50 50 50 50 50 50 50 50 50 50 50 50 50 50 50 60 60 50 50 50 50 50 50 50 50 50 50 50 50 50 50 50 50 50 50 50 50 50 50 50 50 50 50 50 50 50 50 50 50 50 50 50 50 50 50 50 50 50 50 50 50 50 50 50 50 50 50 50 50 50 50 50 50 50 50 50 50 50 50 10 10 50 50 10 10 10 50 50 50 50 50 50 50 50 50 50
50 50 50 50 50 50 50 50 50 50 50 50 50 50 50 50 50 50 50 50 50 50 50 50 50 50 50 50 50 50 50 50 50 50 50 50 50 50 50 50 50 50 50 50 50 50 50 50 50 50 50 50 50 50 50 50 50 50 50 50 50 50 50 50 50 50 50 50 50 50 50 50 50 50 50 50 50 50 50 50 50 50 50 50 50 50 50 50 50 50 50 50 50 50 50 50 50 50 50 50 50 50 50 50 50 50 50 50 50 50 50 50 50 50 50 50 50 50 50 50 50 50 50 50 50 50 50 50 50 50 50 50 50 50 50 50 50 50 50 50 50 50 50 50 50 50 50 50 50 50 50 50 50 50 50 50 50 50 50 50 50 50 50 50 50 50 10 50 50 50 10 50 50 10 10 10 10 50 50 50 50 50 50 50 50 50 50
50 50 50 50 50 50 50 50 50 50 50 50 50 50 50 50 50 50 50 50 50 50 50 50 50 50 50 50 50 50 50 50 50 50 50 50 50 50 50 50 50 50 50 50 50 50 50 50 50 50 50 50 50 50 50 50 50 50 50 50 50 50 50 50 50 50 50 50 50 50 50 50 50 50 50 50 50 50 50 50 50 50 50 50 50 50 50 50 50 50 50 50 50 50 50 50 50 50 50 50 50 50 50 50 50 50 50 50 50 50 50 50 50 50 50 50 50 50 50 50 50 50 50 50 50 50 50 50 50 50 50 50 50 50 50 50 50 50 50 50 50 50 50 50 50 50 50 50 10 10 10 50 50 50 50 50 10 10 50 50 50 50 50 50 50 10 50 50 50 50 50 50 50 10 10 10 10 50 50 50 50 50 50 50 50 50 50
50 50 50 50 50 50 50 50 50 50 50 50 50 50 50 50 50 50 50 50 50 50 50 50 50 50 50 50 50 50 50 50 50 50 50 50 50 50 50 50 50 50 50 50 50 50 50 50 50 50 50 50 50 50 50 50 50 50 50 50 50 50 50 50 50 50 50 50 50 50 50 50 50 50 50 50 50 50 50 50 50 50 50 50 50 50 50 50 50 50 50 50 50 50 50 50 50 50 50 50 50 50 50 50 50 50 50 50 50 50 50 50 50 50 50 50 50 50 50 50 50 50 50 50 50 50 50 50 50 50 50 50 50 50 50 50 50 50 50 50 10 10 50 50 50 50 50 50 10 10 10 50 50 50 50 10 10 10 50 50 50 50 50 50 50 50 50 50 50 50 50 50 50 10 10 50 50 50 50 50 50 50 50 50 50 50 50
50 50 50 50 50 50 50 50 50 50 50 50 50 50 50 50 50 50 50 50 50 50 50 50 50 50 50 50 50 50 50 50 50 50 50 50 50 50 50 50 50 50 50 50 50 50 50 50 50 50 50 50 50 50 50 50 50 50 50 50 50 50 50 50 50 50 50 50 50 50 50 50 50 50 50 50 50 50 50 50 50 50 50 50 50 50 50 50 50 50 50 50 50 50 50 50 50 50 50 50 50 50 50 50 50 50 50 50 50 50 50 50 50 50 50 50 50 50 50 50 50 50 50 50 50 50 50 50 50 50 50 50 50 50 50 50 50 50 50 50 10 10 10 50 50 50 50 10 10 10 10 10 10 10 10 10 10 10 10 50 50 50 50 50 50 50 50 50 50 50 50 50 10 10 50 50 50 50 50 50 50 50 50 50 50 50 50
50 50 50 50 50 50 50 50 50 50 50 50 50 50 50 50 50 50 50 50 50 50 50 50 50 50 50 50 50 50 30 30 30 50 50 50 50 50 50 50 50 50 50 50 50 50 50 50 50 50 50 50 50 50 50 50 50 50 50 50 50 50 50 50 50 50 50 50 50 50 50 50 50 50 50 50 50 50 50 50 50 50 50 50 50 50 50 50 50 50 50 50 50 50 50 50 50 50 50 50 50 50 50 50 50 50 50 50 50 50 50 50 50 50 50 50 50 50 50 50 50 50 50 50 50 50 50 50 50 50 50 50 50 50 50 50 50 50 50 50 10 10 50 50 10 10 10 10 10 10 10 10 10 10 10 10 10 10 10 10 50 50 50 50 50 50 50 50 50 10 10 10 10 50 50 50 50 50 50 50 50 50 50 50 50 50 50
50 50 50 50 50 50 50 50 50 50 50 50 50 50 50 50 50 50 50 50 50 50 50 50 50 50 50 50 50 50 30 30 30 50 50 50 50 50 50 50 50 50 50 50 50 50 50 50 50 50 50 50 50 50 50 50 50 50 50 50 50 50 50 50 50 50 50 50 50 50 50 50 50 50 50 50 50 50 50 50 50 50 50 50 50 50 50 50 50 50 50 50 50 50 50 50 50 50 50 50 50 50 50 50 50 50 50 50 50 50 50 50 50 50 50 50 50 50 50 50 50 50 50 50 50 50 50 50 10 10 10 50 50 50 50 50 50 50 50 50 50 50 50 10 10 10 10 10 10 10 10 10 10 10 10 10 10 10 10 50 50 50 50 50 50 50 50 50 50 10 10 10 50 50 50 50 50 50 50 50 50 50 50 50 50 50 50
50 50 50 50 50 50 50 50 50 50 50 50 50 50 50 50 50 50 50 50 50 50 50 50 50 50 50 50 50 50 30 30 50 50 50 50 50 50 50 50 50 50 50 50 50 50 50 50 50 50 50 50 50 50 50 50 50 50 50 50 50 50 50 50 50 50 50 50 50 50 50 50 50 50 50 50 50 50 50 50 50 50 50 50 50 50 50 50 50 50 50 50 50 50 50 50 50 50 50 50 50 50 50 50 50 50 10 10 10 10 10 50 50 50 50 50 50 50 50 50 50 50 50 50 50 50 50 50 10 10 10 10 30 50 50 50 50 50 50 50 50 50 50 10 10 10 10 10 10 10 10 10 10 10 10 10 50 50 50 50 50 50 50 50 50 50 50 50 10 10 10 10 50 50 50 50 50 50 50 50 50 50 50 50 50 50 50
50 50 50 50 50 50 50 50 50 50 50 50 50 50 50 50 50 50 50 50 50 50 50 50 50 50 50 50 50 50 50 50 50 50 50 50 50 50 50 50 50 50 50 50 50 50 50 50 50 50 50 50 50 50 50 50 50 50 50 50 50 50 50 50 50 50 50 50 50 50 50 50 50 50 50 50 50 50 50 50 50 50 50 50 50 50 50 50 50 50 50 50 50 50 50 50 50 50 50 50 50 50 50 50 10 10 10 10 10 10 10 10 10 10 10 50 50 50 50 50 50 50 50 50 50 50 50 10 10 10 10 10 10 10 50 50 50 50 50 50 50 50 50 10 10 10 10 50 50 50 50 50 50 50 50 50 50 50 50 50 50 50 50 50 50 50 50 50 10 10 10 50 50 50 50 50 50 50 50 50 50 50 50 50 50 50 50
50 50 50 50 50 50 50 50 50 50 50 50 50 50 50 50 50 50 50 50 50 50 50 50 50 50 50 50 50 50 50 50 50 50 50 50 50 50 50 50 50 50 50 50 50 50 50 50 50 50 50 50 50 50 50 50 50 50 50 50 50 50 50 50 50 50 50 50 50 50 50 50 50 50 50 50 50 50 50 50 50 50 50 50 50 50 50 50 50 50 50 50 50 50 50 50 50 50 50 50 50 50 50 50 10 10 10 10 10 10 10 10 10 10 10 10 10 10 50 50 50 50 50 50 50 50 10 10 10 10 10 10 10 10 10 50 50 50 50 50 50 50 50 50 50 50 50 50 50 50 50 50 50 50 50 50 50 50 50 50 50 50 50 50 50 50 50 50 50 50 50 50 50 50 50 50 50 50 50 50 50 50 50 50 50 50 50
50 50 50 50 50 50 50 50 50 50 50 50 50 50 50 50 50 50 50 50 50 50 50 50 50 50 50 50 50 50 50 50 50 50 50 50 50 50 50 50 50 50 50 50 50 50 50 50 50 50 50 50 50 50 50 50 50 50 50 50 50 50 50 50 50 50 50 50 50 50 50 50 50 50 50 50 50 50 50 50 50 50 50 50 50 50 50 50 50 50 50 50 50 50 50 50 50 50 50 50 50 50 50 50 10 10 10 10 10 10 10 10 10 10 10 10 10 10 50 50 50 50 50 50 50 50 50 50 50 50 50 50 10 10 10 10 10 10 10 50 50 50 50 50 50 50 50 50 50 50 50 50 50 50 50 50 50 50 50 50 50 50 50 50 50 50 50 50 50 50 50 50 50 50 50 50 50 50 50 50 50 50 50 50 50 50 50
50 50 50 50 50 50 50 50 50 50 50 50 50 50 50 50 50 50 50 50 50 50 50 50 50 50 50 50 50 50 50 50 50 50 50 50 50 50 50 50 50 50 50 50 50 50 50 50 50 50 50 50 50 50 50 50 50 50 50 50 50 50 50 50 50 50 50 50 50 50 50 50 50 50 50 50 50 50 50 50 50 50 50 50 50 50 50 50 50 50 50 50 50 50 50 50 50 50 50 50 50 50 50 50 50 50 50 50 50 50 50 10 10 10 10 10 10 10 50 50 50 50 50 50 50 50 50 50 50 50 50 50 50 50 10 10 50 50 50 50 50 50 50 50 50 50 50 50 50 50 50 50 50 50 50 50 50 50 50 50 50 50 50 50 50 50 50 50 50 50 50 50 50 50 50 50 50 50 50 50 50 10 10 10 10 50 50
50 50 50 50 50 50 50 50 50 50 50 50 50 50 50 50 50 50 50 50 50 50 50 50 50 50 50 50 50 50 50 50 50 50 50 30 50 50 50 50 50 50 50 50 50 50 50 50 50 50 50 50 50 50 50 50 50 50 50 50 50 50 50 50 50 50 50 50 50 50 50 50 50 50 50 50 50 50 50 50 50 50 50 50 50 50 50 50 50 50 50 50 50 50 50 50 50 50 50 50 50 50 50 50 50 50 50 50 50 50 10 10 10 10 10 10 10 10 50 50 50 50 50 50 50 50 50 50 50 50 50 50 50 50 50 50 50 50 50 50 50 50 50 50 50 50 50 50 50 50 50 50 50 50 50 50 50 50 50 50 50 50 50 50 50 50 50 50 50 50 50 50 50 50 50 50 50 50 10 10 10 10 10 10 50 50 50
50 50 50 50 50 50 50 50 50 50 50 50 50 50 50 50 50 50 50 50 50 50 50 50 50 50 50 50 50 50 50 50 50 50 30 30 50 50 50 50 50 50 50 50 50 50 50 50 50 50 50 50 50 50 50 50 50 50 50 50 50 50 50 50 50 50 50 50 50 50 50 50 50 50 50 50 50 50 50 50 50 50 50 50 50 50 50 50 50 50 50 50 50 50 50 50 50 50 50 50 50 50 50 50 50 50 50 50 50 50 10 10 10 10 10 10 10 10 50 50 50 50 50 50 50 50 50 50 50 50 50 50 50 50 50 50 50 50 50 50 50 50 50 50 50 50 50 50 50 50 50 50 50 50 50 50 50 50 50 50 50 50 50 50 50 50 50 50 50 50 50 50 50 50 50 50 50 10 10 10 10 10 10 10 50 50 50
50 50 50 50 50 50 50 50 50 50 50 50 50 50 50 50 50 50 50 50 50 50 50 50 50 50 50 50 50 50 50 50 50 30 30 30 50 50 50 50 50 50 50 50 50 50 50 50 50 50 50 50 50 50 50 50 50 50 50 50 10 50 50 50 50 50 50 50 50 50 50 50 50 50 50 50 50 50 50 50 50 50 50 50 50 50 50 50 50 50 50 50 50 50 50 50 50 50 50 50 50 50 50 50 50 50 50 50 50 50 50 10 10 10 10 10 10 10 50 50 50 50 50 50 50 50 50 50 50 50 50 50 50 50 50 50 50 50 50 50 50 50 50 50 50 50 50 50 50 50 50 50 50 50 50 50 50 50 50 50 50 50 50 50 50 10 10 10 50 50 50 50 50 50 50 50 10 10 10 10 10 10 10 10 50 50 50
50 50 50 50 50 50 50 50 50 50 50 50 50 50 50 50 50 50 50 50 50 50 50 50 50 50 50 50 50 50 50 50 50 50 30 30 50 50 50 50 50 50 50 50 50 50 50 50 50 50 50 50 50 50 50 50 50 50 50 50 50 50 50 50 50 50 50 50 50 50 50 50 50 50 50 50 50 50 50 50 50 50 50 50 50 50 50 50 50 50 50 50 50 50 50 50 50 50 50 50 50 50 50 50 50 50 50 50 50 10 10 10 10 10 10 10 10 50 50 50 50 50 50 50 50 50 50 50 50 50 50 50 50 50 50 50 50 50 50 50 50 50 50 50 50 50 50 50 50 50 50 50 50 50 50 50 50 50 50 50 50 50 50 50 50 10 10 10 10 10 50 50 50 50 50 50 10 10 10 10 10 10 10 10 50 50 50
50 50 50 50 50 50 50 50 50 50 50 50 50 50 50 50 50 50 50 50 50 50 50 50 50 50 50 50 50 50 50 50 50 50 30 30 50 50 50 50 50 50 50 50 50 50 50 50 50 50 50 50 50 50 50 50 50 50 50 50 50 50 50 50 50 50 50 50 50 50 50 50 50 50 50 50 50 50 50 50 50 50 50 50 50 50 50 50 50 50 50 50 50 50 50 50 50 50 50 50 50 50 50 10 10 10 10 10 10 10 10 10 10 10 10 10 50 50 50 50 50 50 50 50 50 50 50 50 50 50 50 50 50 50 50 50 50 50 50 50 50 50 50 50 50 50 50 50 50 50 50 10 10 10 10 10 10 10 10 10 10 10 50 50 10 10 10 10 10 10 10 10 10 50 50 10 10 10 10 10 10 10 10 50 50 50 50
50 50 50 50 50 50 50 50 50 50 50 50 50 50 50 50 50 50 50 50 50 50 50 50 50 50 50 50 50 50 50 50 50 50 30 30 30 30 50 50 50 50 50 50 50 50 50 50 50 50 50 50 50 50 50 50 50 50 50 50 50 50 50 50 50 50 50 50 50 50 50 50 50 50 50 50 50 50 50 50 50 50 50 50 50 50 50 50 50 50 50 50 50 50 50 50 50 50 50 50 50 50 10 10 10 10 10 10 50 10 10 10 10 10 10 10 50 50 50 50 50 50 50 50 50 50 50 50 50 50 50 50 50 50 50 50 50 50 50 50 50 50 50 50 50 50 50 50 50 50 10 10 10 10 10 10 10 10 10 10 10 10 10 10 50 50 50 50 50 50 50 10 50 50 10 50 50 50 50 10 10 50 50 50 50 50 50
50 50 50 50 50 50 50 50 50 50 50 50 50 50 50 50 50 50 50 50 50 50 50 50 50 50 50 50 50 50 50 50 50 50 30 30 30 50 50 50 50 50 50 50 50 50 50 50 50 50 50 50 50 50 50 50 50 50 50 50 50 50 50 50 50 50 50 50 50 50 50 50 50 50 50 50 50 50 50 50 50 50 50 50 50 50 50 50 50 50 50 50 50 50 50 50 50 50 50 50 50 50 10 10 10 10 10 10 10 10 10 10 10 10 10 10 10 10 10 10 50 50 50 50 50 50 50 50 50 50 50 50 50 50 50 50 50 50 50 50 50 50 50 50 10 50 10 10 10 10 10 10 10 10 10 10 10 10 10 10 10 10 50 50 50 50 50 50 50 50 50 50 50 50 50 50 50 50 50 50 50 50 50 50 50 50 50
50 50 50 10 10 10 10 10 50 50 50 50 50 50 50 50 50 50 50 50 50 50 50 50 50 50 50 50 50 50 50 50 50 50 50 50 50 50 50 50 50 50 50 50 50 50 50 50 50 50 50 50 50 50 50 50 50 50 50 50 50 50 50 50 50 50 50 50 50 50 50 50 50 50 50 50 50 50 50 50 50 50 50 10 10 50 50 50 50 50 50 50 50 50 50 50 50 50 50 50 50 50 50 10 10 10 10 10 10 10 10 10 10 10 10 10 10 10 10 10 50 50 50 50 50 50 50 50 50 50 50 50 50 50 50 50 50 50 50 50 50 50 50 50 50 50 10 10 10 10 10 10 10 10 10 10 10 10 10 50 50 50 50 50 50 50 50 50 50 50 50 50 50 50 50 50 50 50 50 50 50 50 50 50 50 50 50
50 50 50 50 50 50 10 10 50 50 50 50 50 50 50 50 50 50 50 50 50 50 50 50 50 50 50 50 50 50 50 50 50 50 50 50 50 50 50 50 50 50 50 50 50 50 50 50 50 50 50 50 50 50 50 50 50 50 50 50 50 50 50 50 50 50 50 50 50 50 50 50 50 50 50 50 50 50 50 50 50 50 50 10 10 10 50 50 50 50 50 50 50 50 50 50 50 50 50 50 50 50 50 50 50 50 50 10 10 10 10 50 50 10 10 10 10 50 50 50 50 50 50 50 50 50 50 50 50 50 50 50 50 50 50 50 50 50 50 50 50 50 50 50 50 50 50 50 50 50 50 50 50 50 10 10 10 50 50 50 50 50 50 50 50 50 50 50 50 50 50 50 50 50 50 50 50 50 50 50 50 50 50 50 50 50 50
50 50 50 50 50 50 10 10 10 50 50 50 50 50 50 50 50 50 50 50 50 50 50 50 50 50 50 50 50 50 50 50 50 50 50 50 50 50 50 50 50 50 50 50 50 50 50 50 50 50 50 50 50 50 50 50 50 50 50 50 50 50 50 50 50 50 50 50 50 50 50 50 50 50 50 50 50 50 50 50 50 50 50 10 10 10 50 50 50 50 50 50 50 50 50 50 50 50 50 50 50 50 50 50 50 50 50 50 50 50 50 50 50 50 50 50 50 50 50 50 50 50 50 50 50 50 50 50 50 50 50 50 50 50 50 50 50 50 50 50 50 50 50 50 50 50 50 50 50 50 50 50 50 50 50 50 50 50 50 50 50 50 50 50 50 50 50 50 50 50 50 50 50 50 50 50 50 50 50 50 50 50 50 50 50 50 50
50 50 50 50 50 50 10 10 10 50 50 50 50 50 50 50 50 50 50 50 50 50 50 50 50 50 50 50 50 50 50 50 50 50 50 50 50 50 50 50 50 50 50 50 50 50 50 50 50 50 50 50 50 50 50 50 50 50 50 50 50 50 50 50 50 50 50 50 50 50 50 50 50 50 50 50 50 50 50 50 50 50 50 10 10 10 10 10 50 50 50 50 50 50 50 50 50 50 50 50 50 50 50 50 50 50 50 50 50 50 50 50 50 50 50 50 50 50 50 50 50 50 50 50 50 50 50 50 50 50 50 50 50 50 50 50 50 50 50 50 50 50 50 50 50 50 50 50 50 50 50 50 50 50 50 50 50 50 50 50 50 50 50 50 50 50 50 50 50 50 50 50 50 50 50 50 50 50 50 50 50 50 50 50 50 50 50
50 50 50 50 50 50 50 10 50 50 50 50 50 50 50 50 50 50 50 50 50 50 50 50 50 50 50 50 50 50 50 50 50 50 50 50 50 50 50 50 50 50 50 50 50 50 50 50 50 50 50 50 50 50 50 50 50 50 50 50 50 10 10 10 10 10 50 50 50 50 50 50 50 50 50 50 50 50 50 50 50 50 50 50 50 50 50 50 50 50 50 50 50 50 50 50 50 50 50 50 50 50 50 50 50 50 50 50 50 50 50 50 50 50 50 50 50 50 50 50 50 50 50 50 50 50 50 50 50 50 50 50 50 50 50 50 50 50 50 50 50 50 50 50 50 50 50 50 50 50 50 50 50 50 50 50 50 50 50 50 50 50 50 50 50 50 50 50 50 50 50 50 50 50 50 50 50 50 50 50 50 50 50 50 50 50 50
50 50 50 50 50 50 50 50 50 50 50 50 50 50 50 50 50 50 50 50 50 50 50 50 50 50 50 50 50 50 50 50 50 50 50 50 50 50 50 50 50 50 50 50 50 50 50 50 50 50 50 50 50 50 50 50 50 50 50 50 10 10 10 10 10 50 50 50 50 50 50 50 50 50 50 50 50 50 50 50 50 50 50 50 50 50 50 50 50 50 50 50 50 50 50 50 50 50 50 50 50 50 50 50 50 50 50 50 50 50 50 50 50 50 50 50 50 50 50 50 50 50 50 50 50 10 50 50 50 50 50 50 50 50 50 50 50 50 50 50 50 50 50 50 10 10 50 50 50 50 50 50 50 50 50 50 50 50 50 50 50 50 50 50 50 50 50 50 50 50 50 50 50 50 50 50 50 50 50 50 50 10 10 10 10 10 10
50 50 50 50 50 50 50 50 50 50 50 50 50 50 50 50 50 50 50 50 50 50 50 50 50 50 50 50 50 50 50 50 50 50 50 50 50 50 50 50 50 50 50 50 50 50 50 50 50 50 50 50 50 50 50 40 40 40 40 40 10 10 10 10 50 50 50 10 50 50 50 50 10 50 50 50 50 50 50 50 50 50 50 50 50 50 50 50 50 50 50 50 50 50 50 50 50 50 50 50 50 50 50 50 50 50 50 50 50 50 50 50 50 50 50 50 50 50 50 50 50 50 50 50 50 50 50 50 50 50 50 50 50 50 50 50 50 50 50 50 50 50 50 50 10 50 50 50 50 50 50 50 50 50 50 50 50 50 50 50 50 50 50 50 50 50 50 50 50 50 50 50 50 10 10 50 50 50 10 10 10 10 10 10 10 50 50
50 50 50 50 50 50 10 10 10 50 50 50 50 50 50 50 50 50 50 50 50 50 50 50 50 50 50 50 50 50 50 50 50 50 50 50 50 50 50 50 50 50 50 50 50 50 50 50 50 50 50 50 50 10 10 10 10 10 10 10 10 50 50 50 50 50 50 50 50 50 50 50 10 10 10 50 50 50 50 50 50 50 50 50 50 50 50 50 50 50 50 50 50 50 50 50 50 50 50 50 50 50 50 50 50 50 50 50 50 50 50 50 50 50 50 50 50 50 50 50 50 50 50 50 50 50 50 50 50 50 50 50 50 50 50 50 50 50 50 50 50 50 50 50 50 50 50 50 50 50 50 50 50 50 50 50 50 50 50 50 50 50 50 10 10 10 10 10 10 10 10 10 10 10 10 10 10 10 10 10 10 10 10 50 50 50 50
50 50 50 50 50 50 10 10 50 50 50 50 50 50 50 50 50 50 50 50 50 50 50 50 50 50 50 50 50 50 50 50 50 50 50 50 50 50 50 50 50 50 50 50 50 50 50 50 50 50 10 10 10 10 10 10 10 10 10 10 50 50 50 50 50 50 50 50 50 50 50 50 10 10 10 10 10 10 50 50 50 50 50 50 50 50 50 50 50 50 50 50 50 50 50 50 50 50 50 50 50 50 50 50 50 50 50 50 50 50 50 50 50 50 50 50 50 50 50 10 10 10 50 50 50 50 50 50 50 50 50 50 50 50 50 50 50 50 50 50 50 50 50 50 50 50 50 50 50 50 50 50 50 50 50 50 50 50 50 50 10 10 10 10 10 10 10 10 10 10 10 10 10 10 10 10 10 10 10 50 50 50 50 50 50 50 50
50 50 50 50 50 50 50 50 50 50 50 50 50 50 50 50 50 50 50 50 50 10 10 10 10 10 50 50 50 50 50 50 50 50 50 50 50 50 50 50 50 50 50 50 50 50 50 10 10 10 10 10 10 50 50 50 50 50 50 50 50 50 50 50 50 50 50 50 50 50 50 50 50 10 10 10 10 50 50 50 50 50 50 50 50 50 50 50 50 50 50 50 50 50 50 50 50 50 50 50 50 50 50 50 50 50 50 50 50 50 50 50 50 50 50 50 50 50 50 10 10 10 50 50 50 50 50 50 50 50 50 50 50 50 50 50 50 50 50 50 50 50 50 50 50 50 50 50 50 50 50 50 50 50 50 50 50 10 10 10 10 10 10 10 10 10 10 10 10 10 10 10 10 10 10 10 10 10 50 50 50 50 50 50 50 50 50
50 50 50 50 50 50 50 50 50 50 50 50 50 50 50 50 50 50 50 50 50 50 50 10 10 10 10 10 10 10 10 10 10 50 50 50 50 50 50 50 50 50 50 50 50 10 10 10 10 10 40 10 50 50 50 50 50 50 50 50 50 50 50 50 50 50 50 50 50 50 50 50 50 10 10 10 50 50 50 50 50 50 50 50 50 50 50 50 50 50 50 50 50 50 50 50 50 50 50 50 50 50 50 50 50 50 50 50 50 50 50 50 50 50 50 50 50 50 50 10 10 50 50 50 50 50 50 50 50 50 50 50 50 50 50 50 50 50 50 50 50 50 50 50 50 50 50 50 50 50 50 50 50 50 50 50 10 10 10 10 10 10 10 10 10 10 10 10 10 10 50 50 50 50 50 10 10 50 50 50 50 50 50 50 50 50 50
50 50 50 50 50 50 50 50 50 50 10 50 50 50 50 10 10 10 50 50 50 50 50 10 10 10 10 10 10 10 10 10 10 10 10 50 50 50 50 50 50 50 10 10 10 10 10 10 10 40 50 50 50 50 50 50 50 50 50 50 50 50 50 50 50 50 50 50 50 50 50 50 50 10 10 10 50 50 50 50 50 50 50 50 50 50 50 50 50 50 50 50 50 50 50 50 50 50 50 50 50 50 50 50 50 50 50 50 50 50 50 50 50 50 50 50 50 50 50 50 50 50 50 50 50 50 50 50 50 50 50 50 50 50 50 50 50 50 50 50 50 50 50 50 50 50 50 50 50 50 50 50 50 50 50 50 50 50 10 10 10 50 50 50 50 50 50 50 50 50 50 50 50 50 50 10 10 50 50 50 50 50 50 50 50 50 50
50 50 50 50 50 50 50 50 50 50 50 50 50 50 50 10 10 50 50 50 50 50 50 10 10 10 10 10 10 10 10 10 10 10 10 10 10 50 50 50 50 50 10 10 10 10 10 10 50 50 50 50 50 50 50 50 50 50 50 50 50 50 50 50 50 50 50 50 50 50 50 50 50 50 10 50 50 50 50 50 50 50 50 50 50 50 50 50 50 50 50 50 50 50 50 50 50 50 50 50 50 50 50 50 50 50 50 50 50 50 50 50 50 50 50 50 50 50 50 50 50 50 50 50 50 50 50 50 50 50 50 50 50 50 50 50 50 50 50 50 50 50 50 50 50 50 50 50 50 50 50 50 50 50 50 50 50 10 10 10 10 50 50 50 50 50 50 50 50 50 50 50 50 50 50 10 50 50 50 50 50 50 50 50 50 50 50
50 50 50 50 50 50 50 50 50 50 50 50 50 50 50 50 50 50 50 50 50 50 50 10 10 10 10 10 10 10 10 10 10 50 50 50 50 50 50 30 30 30 50 50 50 10 10 50 50 50 50 50 50 50 50 50 50 50 50 50 50 50 50 50 50 50 50 50 50 50 10 50 50 50 50 50 50 50 50 50 50 50 50 50 50 50 50 50 50 50 50 50 50 50 50 50 50 50 50 50 50 50 50 50 50 50 50 50 50 50 50 50 50 50 50 50 50 50 50 50 50 50 50 50 50 50 50 50 50 50 50 50 50 10 10 10 10 50 50 50 50 50 50 50 50 50 50 50 50 50 50 50 50 50 50 10 10 10 10 10 50 50 50 50 50 50 50 50 50 50 50 50 50 50 50 50 50 50 50 50 50 50 50 50 50 50 50
50 50 50 50 50 50 50 50 50 50 50 50 50 50 50 50 50 50 50 50 50 50 10 10 10 10 10 10 10 50 50 50 50 50 50 50 50 50 30 30 30 30 50 50 50 50 50 50 50 50 50 50 50 50 50 50 50 50 50 50 50 50 50 50 50 50 50 50 50 50 10 10 50 50 50 50 50 50 50 50 50 50 50 50 50 50 50 50 50 50 50 50 50 50 50 50 50 50 50 50 50 50 50 50 50 50 50 50 50 50 50 50 50 50 50 50 50 50 50 50 50 50 50 50 50 50 50 10 10 10 10 10 10 10 10 10 10 10 50 50 50 50 50 50 50 50 50 50 50 50 50 50 50 50 50 50 50 50 50 50 50 50 50 50 50 50 50 50 50 50 50 50 50 50 50 50 50 50 50 50 50 50 50 50 50 50 50
50 50 50 50 50 50 50 50 50 50 50 50 50 50 50 50 50 50 50 50 10 10 10 10 10 10 10 10 50 50 50 50 50 50 50 50 50 50 30 30 50 50 50 50 50 50 50 50 50 50 50 50 50 50 50 50 50 50 50 50 50 50 50 50 50 50 50 50 50 50 50 50 50 50 50 50 50 50 50 50 50 50 50 50 50 50 50 50 50 50 50 50 50 50 50 50 50 50 50 50 50 50 50 50 50 50 50 50 50 50 50 50 50 50 50 50 50 50 50 50 50 50 50 50 50 50 10 10 10 10 10 10 10 10 10 10 10 50 50 50 50 50 50 50 50 50 50 50 50 50 50 50 50 50 50 50 50 50 50 50 50 50 50 50 50 50 50 50 50 50 50 50 50 50 50 50 50 50 50 50 50 50 50 50 50 50 50
50 50 50 50 50 50 50 50 50 50 50 50 50 50 50 50 50 50 50 10 10 10 10 10 10 10 50 50 50 50 50 50 50 50 50 50 50 50 30 50 50 50 50 50 50 50 50 50 50 50 50 50 50 50 50 50 50 10 10 50 50 50 50 50 50 50 50 50 50 50 50 50 50 50 50 50 50 50 50 50 50 50 50 50 50 50 50 50 50 50 50 50 50 50 50 50 50 50 50 50 50 50 50 50 50 50 50 50 50 50 50 50 50 50 50 50 50 50 50 50 10 10 10 50 50 50 50 50 50 10 10 10 10 10 10 10 50 50 50 50 50 50 50 50 50 50 50 50 50 50 50 50 50 50 50 50 50 50 50 50 50 50 50 50 50 50 50 50 50 50 50 50 50 50 50 50 50 50 50 50 50 50 50 50 50 50 50
50 50 50 50 50 50 50 50 50 50 50 50 50 50 50 50 50 50 10 10 10 10 10 10 10 50 50 50 50 50 50 50 50 50 50 50 50 50 50 50 50 50 50 50 50 50 50 50 50 50 50 50 50 50 50 50 50 10 50 50 50 50 50 50 50 50 50 50 50 50 50 50 50 50 50 50 50 50 50 50 50 50 50 50 50 50 50 50 50 50 50 50 50 50 50 50 50 50 50 50 50 50 50 50 50 50 50 50 50 50 50 50 50 50 50 50 50 50 50 50 50 10 50 50 50 50 50 50 50 10 10 50 50 50 50 50 50 50 50 50 50 50 50 50 50 50 50 50 50 50 50 50 50 50 50 50 50 50 50 50 50 50 50 50 50 50 50 50 50 50 50 50 50 50 50 50 50 50 50 50 50 50 50 10 50 50 50
50 50 50 50 50 50 50 50 50 50 50 50 50 50 50 50 50 50 10 10 10 10 10 10 50 50 50 50 50 50 50 50 50 50 50 50 50 50 50 50 50 50 50 50 50 50 50 50 50 50 50 50 50 50 50 50 50 50 50 50 50 50 50 50 50 50 50 50 50 50 50 50 50 50 50 50 50 50 50 50 50 50 50 50 50 50 50 50 50 50 50 50 50 50 50 50 50 50 50 50 50 50 50 50 50 50 50 50 50 50 50 50 50 50 50 50 50 50 50 50 50 50 50 50 50 50 50 50 50 50 50 50 50 50 50 50 50 50 50 50 50 50 50 50 50 50 50 50 10 50 50 50 50 50 50 50 50 50 50 50 50 50 50 50 50 50 50 50 50 50 50 50 50 50 50 50 50 50 10 10 50 50 10 10 10 10 50
50 50 50 50 50 50 50 50 50 50 50 50 50 50 50 50 50 50 10 10 10 10 10 50 50 50 50 50 50 50 50 50 50 50 50 50 50 50 50 50 50 50 50 50 50 50 50 50 50 50 50 50 50 50 50 50 50 50 50 50 50 50 50 50 50 50 50 50 50 50 50 50 50 50 50 50 50 50 50 50 50 50 50 50 50 50 50 50 50 50 50 50 50 50 50 50 50 50 50 50 50 50 50 50 50 50 50 50 50 50 50 50 50 50 50 50 50 50 50 50 50 50 50 50 50 50 50 50 50 50 50 50 50 50 50 50 50 50 50 50 50 50 50 50 50 50 50 10 10 10 10 10 10 10 10 10 10 10 10 50 50 50 50 50 50 50 50 50 50 50 50 50 10 10 10 10 50 50 50 50 50 10 10 10 10 50 50
50 50 50 50 50 50 50 50 50 50 50 50 50 50 50 50 50 50 10 10 10 10 50 50 50 50 50 50 50 50 50 50 50 50 50 50 50 50 50 50 50 50 50 50 50 50 50 50 50 50 50 50 50 50 50 50 50 50 50 50 50 50 50 50 50 50 50 50 50 50 50 50 50 50 50 50 50 50 50 50 50 50 50 50 50 50 50 50 50 50 50 50 50 50 50 50 50 50 50 50 50 50 50 50 50 50 50 50 50 50 50 50 50 50 50 50 50 50 50 50 50 50 50 50 50 50 50 50 50 50 50 50 50 50 50 50 50 50 50 50 50 50 50 50 50 10 10 10 10 10 10 10 10 10 10 10 10 10 10 10 10 50 50 50 50 50 50 50 50 50 50 50 10 10 10 10 50 50 50 50 50 50 50 50 50 50 50
50 50 50 50 50 50 50 50 50 50 50 50 50 50 50 50 50 50 10 10 10 50 50 50 50 50 50 50 50 50 50 50 50 50 50 50 50 50 50 50 50 50 50 50 50 50 50 50 50 50 50 50 50 50 50 50 50 50 50 50 50 50 50 50 50 50 50 50 50 50 50 50 50 50 50 50 50 50 50 50 50 50 50 50 50 50 50 50 50 50 50 50 50 50 50 50 50 50 50 50 50 50 50 50 50 50 50 50 50 50 50 50 50 50 50 50 50 50 50 50 50 50 50 50 50 50 50 50 50 30 30 30 30 30 30 50 50 50 50 50 50 50 50 50 50 10 10 10 10 10 10 10 10 10 10 10 10 10 10 10 10 50 50 50 50 50 50 50 50 50 50 50 10 10 10 50 50 50 50 50 50 50 50 50 50 50 50
50 50 50 50 50 50 50 50 50 50 50 50 50 50 50 50 50 50 10 10 10 50 50 50 50 50 50 50 50 50 50 50 50 50 50 50 50 50 50 50 50 50 50 50 50 50 50 50 50 50 50 50 50 50 50 50 50 50 50 50 50 50 50 50 50 50 50 50 50 50 50 50 50 50 50 50 50 50 50 50 50 50 50 50 50 50 50 50 50 50 50 50 50 50 50 50 50 50 50 50 50 50 50 50 50 50 50 50 50 50 50 50 50 50 50 50 50 50 50 50 50 50 50 50 50 50 50 50 50 30 30 30 30 30 30 50 50 50 50 50 50 50 50 50 10 10 10 10 10 10 10 10 10 10 10 10 10 10 10 10 50 50 50 50 50 50 50 50 50 50 50 50 50 50 50 50 50 50 50 50 50 50 50 50 50 50 50
50 50 50 50 50 50 50 50 50 50 50 50 50 50 50 50 10 10 10 10 50 50 50 50 50 50 50 50 50 50 50 50 50 50 50 50 50 50 50 50 50 50 30 30 10 10 10 10 10 10 50 50 50 50 50 50 50 50 50 50 50 50 50 50 50 50 50 50 10 10 10 10 10 10 10 10 10 50 50 50 50 50 50 50 50 50 50 50 50 50 50 50 50 50 50 50 50 50 50 50 50 50 50 50 50 50 50 50 50 50 50 50 50 50 50 50 50 50 50 50 50 50 50 50 50 50 50 50 50 30 30 30 30 30 30 30 30 10 10 10 10 10 10 10 10 10 10 10 10 10 10 10 10 10 10 10 10 10 10 50 50 10 10 10 50 50 50 50 50 50 50 50 50 50 50 50 50 50 50 50 50 50 50 50 50 50 50
50 50 50 50 50 50 50 50 50 50 50 50 50 50 50 50 10 10 50 50 50 50 50 50 50 30 30 50 10 10 10 10 50 50 50 50 50 50 30 30 30 30 30 30 10 10 10 10 10 10 50 50 50 10 10 10 10 50 50 50 50 50 50 50 50 50 50 50 50 10 10 10 10 10 10 10 10 50 50 50 50 50 50 50 50 50 50 50 50 50 50 50 50 50 50 50 50 50 50 50 50 50 50 50 50 50 50 50 50 50 50 50 50 50 50 50 50 50 50 50 50 50 50 50 50 50 50 50 50 30 30 30 30 30 30 30 30 10 10 10 10 10 10 10 10 10 10 10 10 10 10 10 10 80 80 80 80 10 10 10 10 10 10 10 50 50 50 50 50 50 50 50 50 50 50 50 50 50 50 50 50 50 50 50 50 50 50
50 50 50 50 50 50 50 50 50 50 50 50 50 50 50 50 50 50 50 50 50 50 50 50 50 30 30 30 10 10 10 10 30 30 30 30 30 30 30 30 30 30 30 10 10 10 10 10 10 10 10 10 10 10 10 10 50 50 50 50 50 50 50 50 50 50 50 50 10 10 10 10 50 50 10 10 10 50 50 50 50 50 50 50 10 10 10 10 50 50 50 50 50 50 50 50 50 50 50 50 50 50 50 50 50 50 50 50 50 50 50 50 50 50 50 50 50 50 50 50 50 50 50 50 50 50 50 50 10 10 10 30 30 30 30 30 30 10 10 10 10 10 10 10 10 10 10 10 10 10 10 80 80 80 80 80 80 80 80 80 10 10 10 10 10 50 50 50 50 50 50 50 50 50 50 50 50 50 50 50 50 50 50 50 50 50 50
50 50 50 50 50 50 50 50 50 50 50 50 50 50 50 50 50 50 50 50 50 50 50 50 50 30 30 10 10 10 10 10 10 10 30 30 10 10 10 10 10 10 10 10 10 10 50 50 50 50 50 50 50 50 50 50 50 50 50 50 50 50 50 50 50 50 50 10 10 10 10 10 50 50 10 10 10 50 50 50 50 50 10 10 10 10 10 10 10 50 50 50 50 50 50 50 50 50 50 50 50 50 50 50 50 50 50 50 50 50 50 50 50 50 50 50 50 50 50 50 50 50 50 50 50 50 50 10 10 10 30 30 30 30 30 30 30 10 10 10 10 10 10 10 10 10 10 10 10 80 80 80 80 80 80 80 80 80 80 80 80 80 10 10 10 10 10 50 50 50 50 50 50 50 50 50 50 50 50 50 50 50 50 50 50 50 50
50 50 50 50 50 50 50 50 50 50 50 50 50 50 50 50 50 50 50 50 50 50 50 50 50 50 10 10 10 10 10 10 30 30 30 50 50 50 10 10 10 10 10 10 10 50 50 50 50 50 50 50 50 50 50 50 50 50 50 50 50 50 50 10 10 10 10 10 10 10 10 10 50 50 50 10 50 50 10 10 10 10 10 10 10 10 10 10 50 50 50 50 50 50 50 50 50 50 50 50 50 50 50 50 50 50 50 50 50 50 50 50 50 50 50 50 50 50 50 50 50 50 50 50 50 50 50 10 10 10 10 10 30 30 30 30 30 10 10 10 10 10 10 10 10 10 10 10 80 80 80 80 80 80 80 80 80 80 80 80 80 80 80 10 10 10 10 50 50 50 50 50 50 50 50 50 50 50 50 50 50 50 50 50 50 50 50
50 50 50 50 50 50 50 50 50 50 10 10 50 50 50 50 50 50 50 50 50 50 10 10 10 10 10 10 10 10 50 30 30 50 50 50 50 50 50 10 10 50 50 50 50 50 50 50 50 50 50 50 50 50 50 50 50 50 50 50 50 50 50 10 10 10 10 10 10 10 10 10 50 50 50 50 50 10 10 10 10 10 10 10 10 10 10 10 50 50 50 50 50 50 50 50 50 50 50 50 50 50 50 50 50 50 50 50 50 50 50 50 50 50 50 50 50 50 50 50 50 50 50 50 50 50 50 10 10 10 10 10 10 10 30 30 10 10 10 10 10 10 10 10 10 80 80 80 80 80 80 80 80 80 80 80 80 80 80 80 80 80 80 10 10 10 10 10 50 50 50 50 50 50 50 50 50 50 50 50 50 50 50 50 50 50 50
50 50 50 50 50 50 50 50 10 10 10 10 10 10 50 50 50 50 50 50 50 50 50 30 30 30 50 50 50 50 50 50 50 50 50 50 50 50 50 50 50 50 50 50 50 50 50 50 50 50 50 50 50 50 50 50 50 50 50 50 50 30 10 10 10 10 10 10 10 10 10 10 50 50 50 50 50 10 10 10 10 10 10 10 10 10 10 10 50 50 50 50 50 50 50 50 50 50 50 50 50 50 50 50 50 50 50 50 50 50 50 50 50 50 50 50 50 50 50 50 50 50 50 50 50 50 50 10 10 10 10 10 10 10 10 10 10 10 10 10 10 10 80 80 80 80 80 80 80 80 80 80 80 80 80 80 80 80 80 80 80 80 80 80 80 10 10 10 10 10 50 50 50 50 50 50 50 50 50 50 50 50 50 50 10 50 50
50 50 50 50 50 50 50 50 10 10 10 10 10 10 10 10 50 50 50 50 50 50 50 50 50 50 50 50 50 50 50 50 50 50 50 50 50 50 50 50 50 50 50 50 50 50 50 50 50 50 50 50 50 50 50 50 50 50 50 50 50 30 10 10 10 10 10 50 50 50 50 10 50 50 50 50 50 50 50 30 10 10 10 10 10 10 10 10 50 50 50 50 50 50 50 50 50 50 50 50 50 50 50 50 50 50 50 50 50 50 50 50 50 50 50 50 50 50 50 50 50 50 50 50 50 50 50 50 50 10 10 10 10 10 10 10 10 10 10 10 80 80 80 80 80 80 80 80 80 80 80 80 80 80 80 80 80 80 80 80 80 80 80 80 80 80 10 10 10 10 10 50 50 50 50 50 50 50 50 50 50 50 50 50 10 10 10
50 50 50 50 50 50 10 10 10 10 10 10 10 10 10 10 50 50 50 50 50 50 50 50 50 50 50 50 50 50 50 50 50 50 50 50 50 50 50 50 50 50 50 50 50 50 50 50 50 50 50 50 50 50 50 50 50 50 50 50 10 10 10 10 10 10 50 50 50 50 50 10 10 10 50 50 50 50 30 30 10 10 10 10 10 10 10 10 10 50 50 50 50 50 50 50 50 50 50 50 50 50 50 50 50 50 50 50 50 50 50 50 50 50 50 50 50 50 50 50 50 50 50 50 50 50 50 50 50 50 10 10 10 10 10 10 10 10 10 80 80 80 80 80 80 80 80 80 80 80 80 80 80 80 80 80 80 80 80 80 80 80 80 80 80 80 10 10 10 10 50 50 50 50 50 50 50 50 50 50 50 50 50 50 10 10 50
50 50 50 50 50 10 10 10 50 50 50 50 50 50 50 50 50 50 50 50 50 50 50 50 50 50 50 50 50 50 50 50 50 50 50 50 50 50 50 50 50 50 50 50 50 50 50 50 50 50 50 50 50 50 50 50 50 50 50 10 10 10 10 50 50 50 50 50 50 50 10 10 10 10 50 50 50 50 50 50 10 10 10 10 10 10 10 10 10 50 50 50 50 50 50 50 50 50 50 50 50 50 50 50 50 50 50 50 50 50 50 50 50 50 50 50 50 50 50 50 50 50 50 50 50 50 50 50 50 50 10 10 10 10 10 10 10 80 80 80 80 80 80 80 80 80 80 80 80 80 80 80 80 80 80 80 80 80 80 80 80 80 80 80 80 80 10 10 10 50 50 50 50 50 50 50 50 50 50 50 50 50 50 50 50 50 50
50 50 50 50 10 10 10 10 50 50 50 50 50 50 50 50 50 50 50 50 50 50 50 50 50 50 50 50 50 50 50 50 50 50 50 50 50 50 50 50 50 50 50 50 50 50 50 50 50 50 50 50 50 50 50 50 50 50 50 10 10 10 10 50 50 50 50 50 50 50 50 10 10 10 10 50 50 50 50 50 10 10 10 10 10 10 10 10 10 50 50 50 50 50 50 50 50 50 50 50 50 50 50 50 50 50 50 50 50 50 50 50 50 50 50 50 50 50 50 50 50 50 50 50 50 50 50 50 50 50 10 10 10 10 80 80 80 80 80 80 80 80 80 80 80 80 80 80 80 80 80 80 80 80 80 80 80 80 80 80 80 80 80 80 80 80 80 80 10 10 10 50 50 50 50 50 50 50 50 50 50 50 50 50 50 50 50
50 50 50 50 10 10 10 50 50 50 50 50 50 50 50 50 50 50 50 50 50 50 50 50 50 50 50 50 50 50 50 50 50 50 50 50 50 50 50 50 50 50 50 50 50 50 50 50 50 50 50 50 50 50 50 50 50 50 50 10 10 10 10 50 50 50 50 50 50 10 10 10 10 10 50 50 50 50 50 50 10 10 10 10 10 10 10 10 10 10 10 50 50 50 50 50 50 50 50 50 50 50 50 50 50 50 50 50 50 50 50 50 50 50 50 50 50 50 50 50 50 50 50 50 50 50 50 50 50 50 50 10 80 80 80 80 80 80 80 80 80 80 80 80 80 80 80 80 80 80 80 80 80 80 80 80 80 80 80 80 80 80 80 80 80 80 80 80 10 10 10 10 10 50 50 50 50 50 50 50 50 50 50 50 50 50 50
50 50 50 50 10 10 50 50 50 50 50 50 50 50 50 50 50 50 50 50 50 50 50 50 50 50 50 50 50 50 50 50 50 50 50 50 50 50 50 50 50 50 50 50 50 50 50 50 50 50 50 50 50 50 50 50 50 50 50 10 10 10 50 50 50 50 50 50 10 10 10 10 10 50 50 50 50 50 50 50 10 10 10 10 10 10 10 10 10 10 10 50 50 50 50 50 50 50 50 50 50 50 50 50 50 50 50 50 50 50 50 50 50 50 50 50 50 50 50 30 30 50 50 50 50 50 50 40 10 10 10 80 80 80 80 80 80 80 80 80 80 80 80 80 80 80 80 80 80 80 80 80 80 80 80 80 80 80 80 80 80 80 80 80 80 80 80 80 80 80 80 80 50 50 50 50 50 50 50 50 50 50 50 50 50 50 50
50 50 50 50 50 50 50 50 50 50 50 50 50 50 50 50 50 50 50 50 50 50 50 50 50 30 30 30 50 50 50 50 50 50 50 50 50 50 50 10 10 10 10 10 50 50 50 50 50 50 50 50 50 50 50 50 50 50 50 10 10 50 50 50 50 50 10 10 10 10 10 10 10 10 10 10 10 50 50 50 10 10 10 10 10 10 10 10 10 10 10 50 50 50 50 50 50 50 50 50 50 50 50 50 50 50 50 50 50 50 50 50 50 50 50 50 50 50 50 30 50 50 50 50 50 50 50 40 40 40 50 50 80 80 80 80 80 80 80 80 80 80 80 80 80 80 80 80 80 80 80 80 80 80 80 80 80 80 80 80 80 80 80 80 80 80 80 80 80 80 80 80 80 80 80 80 50 50 50 50 50 50 50 50 50 50 50
10 50 50 50 50 50 50 50 50 50 50 50 50 50 50 50 50 10 10 10 50 50 50 50 50 30 30 30 10 10 10 10 10 50 50 50 50 50 50 10 10 10 10 50 50 50 50 50 50 50 50 50 50 50 50 50 50 50 50 50 50 50 50 50 50 50 50 10 10 50 50 50 50 50 50 50 50 50 50 50 50 10 10 10 10 10 10 10 10 10 10 50 50 50 50 50 50 50 50 50 50 50 50 50 50 50 50 50 50 50 50 50 50 50 50 50 50 50 50 50 50 50 50 50 50 50 50 50 50 50 50 50 80 80 80 80 80 80 80 80 80 80 80 80 80 80 80 80 80 80 80 80 80 80 80 80 80 80 80 80 80 80 80 80 80 80 80 80 80 80 80 80 80 80 80 80 50 50 50 50 50 50 50 50 50 50 50
10 50 50 50 50 30 30 30 30 50 50 50 50 50 50 50 10 10 10 50 50 50 50 50 50 50 30 30 10 10 10 10 10 50 50 50 50 50 50 50 50 50 10 10 10 10 10 10 10 10 50 50 50 50 50 50 50 50 50 50 10 10 50 50 50 50 50 10 10 50 50 50 50 50 50 50 50 50 50 50 50 50 50 10 10 10 10 10 10 10 10 50 50 50 50 50 50 50 50 50 50 50 50 50 50 50 50 50 50 50 50 10 10 30 30 30 50 50 50 50 50 50 50 50 50 50 50 50 50 50 50 80 80 80 80 80 80 80 80 80 80 80 80 80 80 80 80 80 80 80 80 80 80 80 80 80 80 80 80 80 80 80 80 80 80 80 80 80 80 80 80 80 80 80 80 80 80 80 80 50 50 50 50 50 50 50 50
10 10 10 30 30 30 30 30 30 50 50 50 50 50 50 10 50 50 50 50 50 50 50 50 50 50 30 50 10 10 10 50 30 50 50 50 50 50 50 50 50 50 50 50 50 50 50 50 10 50 50 50 50 50 50 50 50 50 50 10 10 50 50 50 50 50 50 10 10 50 50 50 50 50 50 50 50 50 50 50 50 50 50 50 10 10 10 10 10 10 10 10 50 50 50 50 50 50 50 50 50 50 50 50 50 50 50 50 50 50 10 10 10 30 30 50 50 50 50 50 50 50 50 50 50 50 50 50 50 50 50 50 50 80 80 80 80 80 80 80 80 80 80 80 80 80 80 80 80 80 80 80 80 80 80 80 80 80 80 80 80 80 80 80 80 80 80 80 80 80 80 80 80 80 80 80 80 80 80 80 50 50 50 50 50 50 50
10 30 30 30 30 30 30 30 30 50 50 50 50 50 50 50 50 50 50 50 50 50 50 50 50 50 50 50 50 50 50 50 50 50 50 50 50 50 50 50 50 50 50 50 50 50 50 50 50 50 50 50 50 50 50 50 50 50 50 50 50 50 50 50 50 50 50 10 10 50 50 50 50 50 50 50 50 50 50 50 50 50 50 50 10 10 10 10 10 10 10 10 50 50 50 50 50 50 50 50 50 50 50 50 50 50 50 50 50 10 10 50 50 50 50 50 50 50 50 50 50 50 50 50 50 50 50 50 50 50 50 50 50 50 50 80 80 80 80 80 80 80 80 80 80 80 80 80 80 80 80 80 80 80 80 80 80 80 80 80 80 80 80 80 80 80 80 80 80 80 80 80 80 80 80 80 80 80 80 80 80 80 80 80 80 80 80
10 30 30 30 30 30 30 30 30 50 50 50 50 50 50 50 50 50 50 50 50 50 50 50 50 50 50 50 50 50 50 50 50 50 50 50 50 50 50 50 50 50 50 50 50 50 50 50 50 50 50 50 50 50 50 50 50 50 50 50 50 50 50 50 50 50 50 10 50 50 50 50 50 50 50 50 50 50 50 50 50 50 50 10 10 10 10 10 10 10 10 10 50 50 50 50 50 50 50 50 50 50 50 50 50 50 50 50 50 50 50 50 50 50 50 50 50 50 50 50 50 50 30 30 30 50 50 50 50 50 50 50 50 50 50 50 80 80 80 80 80 80 80 80 80 80 80 80 80 80 80 80 80 80 80 80 80 80 80 80 80 80 80 80 80 80 80 80 80 80 80 80 80 80 80 80 80 80 80 80 80 80 80 80 80 80 80
30 30 30 30 30 30 30 30 50 50 50 50 50 50 50 50 50 50 50 50 50 50 50 50 50 50 50 50 50 50 50 50 50 50 50 50 50 50 50 50 50 50 50 50 50 50 50 50 50 50 50 50 50 50 50 50 50 50 50 50 50 50 10 50 50 50 50 10 50 50 50 50 50 50 50 50 50 50 50 50 50 50 50 10 30 30 10 10 10 10 10 10 50 50 50 50 50 50 50 50 50 50 50 50 50 50 50 50 50 50 50 50 50 50 50 50 50 50 50 50 50 50 30 30 30 50 50 50 50 50 50 50 50 50 50 10 80 80 80 80 80 80 80 80 80 80 80 80 80 80 80 80 80 80 80 80 80 80 80 80 80 80 80 80 80 80 80 80 80 80 80 80 80 80 80 80 80 80 80 80 80 80 80 80 80 80 80
50 30 30 30 30 30 30 50 50 50 50 50 50 50 50 50 50 50 50 50 50 50 50 50 50 50 50 50 50 50 50 50 50 50 50 50 10 10 50 50 50 50 50 50 50 50 50 50 50 50 50 50 50 50 50 50 50 50 50 50 50 50 10 10 50 50 50 10 50 50 50 50 50 50 50 50 50 50 50 50 50 50 50 50 30 50 10 10 10 10 10 10 50 50 50 50 50 50 50 50 50 50 50 50 50 50 50 50 50 50 50 50 50 50 50 50 50 50 50 50 50 50 50 30 50 50 50 50 50 50 50 50 50 10 10 10 10 10 10 10 10 80 80 80 80 80 80 80 80 80 80 80 80 80 80 80 80 80 80 80 80 80 80 80 80 80 80 80 80 80 80 80 80 80 80 80 80 80 80 80 80 80 80 80 80 80 80
50 50 30 30 30 30 30 30 50 50 50 50 50 50 50 50 50 50 50 50 50 50 50 50 50 50 50 50 50 50 50 50 50 50 50 10 10 10 50 50 50 50 50 50 50 50 50 50 50 50 50 50 50 50 50 50 50 50 50 50 50 10 10 10 50 50 50 10 10 50 50 50 50 50 50 50 50 50 50 50 50 50 50 50 50 50 50 10 10 10 10 10 10 50 50 50 50 50 50 50 50 50 50 50 50 50 50 50 50 50 50 50 50 50 50 50 50 50 50 50 50 50 50 50 50 50 50 50 50 50 50 50 50 10 10 10 10 10 10 10 10 10 10 10 10 10 10 10 10 10 10 10 80 80 80 80 80 80 80 80 80 80 80 80 80 80 80 80 80 80 80 80 80 80 80 80 80 80 80 80 80 80 80 80 80 80 80
50 50 50 50 30 30 30 50 50 50 50 50 50 50 50 50 50 50 50 50 50 50 50 50 50 50 50 50 50 50 50 50 50 50 50 10 10 10 10 10 50 50 50 50 50 50 10 10 10 50 50 50 50 50 50 50 50 50 50 50 10 10 10 10 50 50 50 50 50 50 30 30 30 50 50 50 50 50 50 50 50 50 50 50 50 50 50 10 10 10 10 10 50 50 50 50 50 50 50 50 50 50 50 50 50 50 50 50 50 50 50 50 50 50 50 50 50 50 50 50 50 50 50 50 50 50 50 50 50 50 50 50 50 10 10 10 10 10 10 10 10 10 10 10 10 10 10 10 10 10 10 10 80 80 80 80 80 80 80 80 80 80 80 80 80 80 80 80 80 80 80 80 80 80 80 80 80 80 80 80 80 80 80 80 80 80 80
50 50 50 50 30 30 50 50 50 50 50 50 50 50 50 50 50 50 10 10 10 10 10 10 50 50 50 50 50 10 10 10 10 10 50 50 10 10 10 10 10 50 50 50 50 50 50 50 50 50 50 50 50 50 50 50 50 50 50 50 10 10 50 50 50 50 50 50 50 50 30 30 30 30 30 50 50 50 50 50 50 50 50 50 50 50 50 50 50 10 10 50 50 50 50 50 50 50 50 50 50 50 50 50 50 50 50 50 50 50 50 50 50 50 50 50 50 50 50 50 50 50 50 50 50 50 50 50 50 50 50 50 50 50 50 50 10 10 10 10 10 10 10 10 10 10 10 10 10 10 10 10 10 10 10 80 80 80 80 80 80 80 80 80 80 80 80 80 80 80 80 80 80 80 80 80 80 80 80 80 80 80 80 80 80 10 10
50 50 50 50 50 50 50 50 50 50 50 50 50 50 50 50 50 10 10 10 10 10 10 10 50 50 50 50 50 10 10 10 10 10 10 10 10 10 10 10 10 10 10 10 10 10 50 50 50 50 50 50 50 50 50 50 50 50 50 50 50 50 50 50 50 50 50 50 50 50 30 30 30 30 10 10 10 10 50 50 50 50 50 50 50 50 50 50 50 30 50 50 50 50 50 50 50 50 50 50 50 50 50 50 50 50 50 50 50 50 50 50 50 50 50 50 50 50 50 50 50 50 50 50 50 50 50 50 50 50 50 50 50 50 50 50 50 50 50 50 50 50 10 10 10 10 10 10 10 10 10 10 10 10 10 10 10 10 80 80 80 80 80 80 80 80 80 80 80 80 80 80 80 80 80 80 80 80 80 80 80 80 80 10 10 10 50
50 50 50 50 50 50 50 50 50 50 50 50 50 50 50 50 10 10 10 10 10 10 10 10 10 10 50 50 50 10 10 10 10 10 10 10 10 10 10 10 10 10 10 10 10 10 10 10 10 50 50 50 50 50 50 50 50 50 50 50 50 50 50 50 50 50 50 50 50 50 30 30 30 10 10 10 10 10 50 50 50 50 50 50 50 50 50 50 50 30 50 50 50 50 50 50 50 50 50 50 50 50 50 50 50 50 50 50 50 50 50 50 50 50 50 50 50 50 50 50 50 50 50 50 50 50 50 50 50 50 50 50 50 50 50 50 50 50 50 50 50 50 10 10 10 10 10 10 10 10 30 30 30 10 10 10 10 10 10 80 80 80 80 80 80 80 80 80 80 80 80 80 80 80 80 80 80 80 80 80 80 10 10 10 50 50 50
50 50 50 50 50 50 50 50 50 50 50 50 50 50 50 50 10 10 10 10 10 10 10 10 10 10 50 50 50 10 10 10 10 30 30 50 50 10 10 10 10 10 10 10 10 10 10 10 10 10 50 50 50 50 50 50 50 50 50 50 10 10 50 50 50 50 50 50 50 50 10 10 10 10 10 10 10 50 50 50 50 50 50 50 50 50 50 50 50 50 50 50 50 50 50 50 50 50 50 50 50 50 50 50 50 50 50 50 50 50 50 50 50 50 50 30 50 50 50 50 50 50 50 50 50 50 50 50 50 50 50 50 50 50 50 50 50 50 50 50 50 50 10 10 10 10 10 10 10 10 30 30 30 10 10 10 10 10 10 10 10 80 80 80 80 80 80 80 80 80 80 80 80 80 80 80 80 80 80 80 10 10 10 10 50 50 50
10 10 50 50 50 50 50 50 50 50 50 50 50 50 50 50 10 10 10 10 10 10 10 10 10 10 10 50 10 10 10 10 10 50 50 50 50 10 10 10 10 10 10 10 10 10 10 10 30 30 30 50 50 50 50 50 50 50 50 50 50 50 50 50 50 50 50 50 50 50 10 10 10 10 10 10 10 50 50 50 50 50 50 50 50 50 50 50 50 50 30 30 50 50 50 50 50 50 50 50 50 50 50 50 50 50 50 50 50 50 50 50 50 50 50 50 50 50 50 50 50 50 50 50 50 50 50 50 50 50 50 50 50 50 50 50 50 50 50 50 50 50 50 10 10 10 10 10 10 10 10 10 10 10 10 10 10 10 10 10 50 50 30 50 60 30 10 80 80 80 80 80 80 80 80 80 10 10 80 10 10 10 10 50 50 50 50
10 10 10 10 50 50 50 50 50 50 50 50 50 50 50 50 10 10 10 10 10 10 10 10 10 10 10 10 10 10 10 10 50 50 50 50 50 50 50 50 10 10 10 50 30 30 30 30 30 30 50 50 50 50 50 50 50 50 50 50 50 50 50 50 50 50 50 50 50 50 10 10 10 10 10 10 10 10 10 50 50 50 50 50 50 50 50 50 50 50 30 30 50 50 50 50 50 50 50 50 50 50 50 50 50 50 50 50 50 50 50 50 50 50 50 50 50 50 50 50 50 50 50 50 50 50 50 50 50 50 50 50 50 50 50 50 50 50 50 50 50 50 50 50 50 50 50 50 10 10 10 10 10 10 10 10 10 10 30 30 30 50 50 50 50 10 10 10 10 10 80 80 50 10 10 10 10 10 10 10 10 50 50 50 50 50 50
10 10 10 50 50 50 50 50 50 50 50 50 50 50 50 50 10 10 10 50 50 50 50 50 50 50 50 50 10 10 10 50 50 50 50 50 50 50 50 50 50 50 50 50 50 50 50 50 50 50 50 50 50 50 50 50 50 50 50 50 50 50 50 50 50 50 50 50 50 10 10 10 10 10 10 10 10 10 10 10 10 10 50 50 50 50 50 50 50 50 50 50 50 50 50 50 50 50 50 50 50 50 50 50 50 50 50 50 50 50 50 50 50 50 50 50 50 50 50 50 50 50 50 50 50 50 50 50 50 50 50 50 50 50 50 50 50 50 50 50 50 50 50 50 50 50 50 50 10 10 10 10 10 10 10 10 10 10 30 30 30 30 50 50 50 10 10 10 10 10 10 50 50 10 10 10 10 10 10 10 10 50 50 50 50 50 50
10 10 50 50 50 50 50 50 50 50 50 50 50 50 50 50 10 10 50 50 50 50 50 50 50 50 50 50 50 50 50 50 50 50 50 50 50 50 50 50 50 50 50 50 50 50 50 50 50 50 50 50 50 50 50 50 50 50 50 50 50 50 50 50 50 50 50 50 50 10 10 10 10 10 10 10 10 10 10 10 10 10 50 50 50 50 50 50 50 50 50 10 10 50 50 50 50 50 50 50 50 50 50 50 50 50 50 50 50 50 50 50 50 50 50 50 50 50 50 50 50 50 50 50 50 50 50 50 50 50 50 50 50 50 50 50 50 50 50 50 50 50 50 50 50 50 50 50 10 10 50 50 50 50 10 10 30 30 30 30 30 30 50 50 50 50 50 50 10 10 10 50 50 50 50 50 10 10 10 10 50 50 50 50 50 50 50
50 50 50 50 50 50 50 50 50 50 50 50 50 50 50 50 50 50 50 50 50 50 50 50 50 50 50 50 50 50 50 50 50 50 50 50 50 50 50 50 50 50 50 50 50 50 50 50 50 50 50 50 50 50 50 50 50 50 50 50 50 50 50 50 50 50 50 50 30 10 10 10 10 10 50 50 50 10 10 10 10 50 50 50 50 50 50 50 50 50 50 10 10 10 10 50 50 50 50 50 50 50 50 50 50 50 50 50 50 50 50 50 50 50 50 50 50 50 50 50 50 50 50 50 50 50 50 50 50 50 50 50 50 50 50 50 50 50 50 50 50 50 50 50 50 50 50 10 10 50 50 50 50 50 50 50 50 30 30 30 30 30 50 50 50 50 50 50 50 50 50 50 50 50 50 50 50 50 50 50 50 50 50 50 50 50 50
50 50 50 50 50 50 50 50 50 50 50 50 50 50 50 50 50 50 50 50 50 50 50 50 50 50 50 50 50 50 50 50 50 50 50 50 50 50 50 50 50 50 50 50 50 50 50 50 50 50 50 50 50 50 50 50 50 50 50 50 50 50 50 50 50 50 50 30 30 10 10 10 10 10 50 50 50 10 10 50 50 50 50 50 50 50 50 50 50 50 50 10 10 10 50 50 50 50 50 50 10 10 10 10 10 10 10 10 10 10 50 50 50 50 50 50 50 50 50 50 50 50 50 50 50 50 50 50 50 50 50 50 50 50 50 50 50 50 50 50 50 50 50 50 50 50 10 10 50 50 50 50 50 50 50 50 50 30 30 30 30 30 50 50 50 50 50 50 50 50 50 50 50 50 50 50 50 50 50 50 50 50 50 50 50 50 50
50 50 50 50 50 50 50 50 50 50 50 50 50 50 50 50 50 50 50 50 50 50 50 50 50 50 50 50 50 50 50 50 50 50 50 50 50 50 50 50 50 50 50 50 50 50 50 50 50 50 50 50 50 50 50 50 50 50 50 50 50 50 50 50 50 30 30 30 30 30 30 10 10 50 50 50 50 50 50 50 50 50 50 50 50 50 50 50 50 50 50 10 10 10 10 10 10 10 10 10 10 10 10 10 10 10 10 10 10 10 50 50 50 50 50 50 50 50 50 50 50 50 50 50 50 50 50 50 50 50 50 50 50 50 50 50 50 50 50 50 50 50 50 50 50 50 10 50 50 50 50 50 50 50 50 50 50 30 30 30 30 50 50 50 50 50 50 50 50 50 50 50 50 50 50 50 50 50 50 50 50 50 50 50 50 50 50
50 50 50 50 50 50 50 50 50 50 50 50 50 50 50 50 50 50 50 50 50 50 50 50 50 50 50 50 50 50 50 50 50 50 50 50 50 50 50 50 50 50 50 50 50 50 50 50 50 50 50 50 50 50 50 50 50 50 50 50 50 50 50 50 50 30 30 30 30 30 10 10 50 50 50 50 50 50 50 50 50 50 50 50 50 50 50 50 50 50 50 10 10 10 10 10 10 10 10 10 10 10 10 10 50 50 10 10 10 10 10 50 50 50 50 50 50 50 50 50 50 50 50 50 50 50 50 50 50 50 50 50 50 50 50 50 50 50 50 50 50 50 50 50 50 50 50 50 50 50 50 50 50 50 50 50 50 50 50 50 50 50 50 50 50 50 50 50 50 50 50 50 50 50 50 50 50 50 50 50 50 50 50 50 50 50 50
50 50 50 50 50 50 50 50 50 50 50 50 50 50 50 50 50 50 50 50 50 50 50 50 50 50 50 50 50 50 50 50 50 50 50 50 50 50 50 50 50 50 50 50 50 50 50 50 50 50 10 10 50 50 50 50 50 50 50 50 50 50 50 50 30 30 30 10 10 10 10 10 50 50 50 50 50 50 50 50 50 50 50 50 50 50 50 50 50 50 50 10 10 10 10 10 10 10 10 10 10 10 10 10 50 50 50 50 50 50 50 50 50 50 50 50 50 50 50 50 50 50 50 50 50 50 50 50 50 50 50 50 50 50 50 50 50 50 50 50 50 50 50 50 50 50 50 50 50 50 50 50 50 50 50 50 50 50 50 50 50 50 50 50 50 50 50 50 50 50 50 50 50 50 50 50 50 50 50 50 50 50 50 50 50 50 50
50 50 50 50 50 50 50 50 50 50 50 50 50 50 50 50 50 50 50 50 50 50 50 50 50 50 50 50 50 50 50 50 50 50 50 50 50 50 50 50 50 50 50 50 50 50 50 50 50 50 10 10 50 50 50 50 50 50 50 50 50 50 50 50 50 50 10 10 10 10 10 50 50 50 50 50 50 50 50 50 50 50 50 50 50 50 30 50 50 50 50 10 10 10 10 10 10 10 10 10 10 10 10 50 50 50 50 50 50 50 50 50 50 50 50 50 50 50 50 50 50 50 50 50 50 50 50 50 50 50 50 50 50 50 50 50 50 50 50 50 50 50 50 50 50 50 50 50 50 50 50 50 50 50 50 50 50 50 50 50 50 50 50 50 50 50 50 50 50 50 50 50 50 50 50 50 50 50 50 50 50 50 50 50 50 50 50
50 50 50 50 50 50 50 50 50 50 50 50 50 50 10 10 10 10 10 50 50 50 50 50 50 50 50 50 50 50 50 50 50 50 50 50 50 50 50 50 50 50 50 50 50 50 50 50 50 10 10 10 10 50 50 50 50 50 50 50 50 50 50 50 50 50 10 10 50 50 50 50 50 50 50 50 50 50 50 10 10 10 50 50 50 50 50 50 50 50 50 50 50 10 10 10 10 10 10 10 10 10 50 50 50 50 50 50 50 50 50 50 50 50 50 50 50 50 50 50 50 50 50 50 50 50 50 50 50 50 50 50 50 50 50 50 50 50 50 50 50 50 50 50 50 50 50 50 50 50 50 50 50 50 50 50 50 50 50 50 50 50 50 50 50 50 50 50 50 50 50 50 50 50 50 50 50 50 50 50 50 50 50 50 50 50 50
30 30 30 10 10 10 50 50 50 50 50 50 50 50 10 10 10 10 10 10 30 30 30 30 10 10 10 10 10 10 10 10 10 10 10 10 10 10 10 50 50 50 50 50 50 50 50 50 50 10 10 10 10 50 50 50 50 50 50 50 50 50 50 50 50 50 10 50 50 50 50 50 50 50 50 50 50 50 50 50 50 50 50 50 50 50 50 50 50 50 50 30 10 10 10 10 10 10 10 10 10 10 50 50 50 50 50 50 50 50 50 10 10 10 10 50 50 50 50 50 50 50 50 50 50 50 50 50 50 50 50 50 50 50 50 50 50 50 50 50 50 50 50 50 50 50 50 50 50 50 50 50 50 50 50 50 50 50 50 50 50 50 50 50 50 50 50 50 50 50 50 50 50 50 50 50 50 50 50 50 50 50 50 50 50 50 50
30 30 10 10 10 10 50 50 50 50 50 50 50 50 50 50 10 10 10 10 10 10 10 10 10 10 10 10 10 10 10 10 10 10 10 10 10 10 10 10 50 50 50 50 50 50 50 50 50 50 10 10 50 50 50 50 50 50 50 50 50 50 50 50 50 50 10 50 50 50 50 50 50 50 50 50 50 50 50 50 50 50 50 50 50 50 50 50 50 50 50 30 30 10 50 50 50 50 50 10 10 10 50 50 50 50 50 50 50 50 50 50 50 10 10 10 10 10 10 10 50 50 50 50 50 50 50 50 50 50 50 50 50 50 50 50 50 50 50 50 50 50 50 50 50 50 50 50 50 50 50 50 50 50 50 50 50 50 50 50 50 50 50 50 50 50 50 50 50 50 50 50 50 50 50 50 50 50 50 50 50 50 50 50 50 50 50
10 10 10 10 10 10 50 50 50 50 50 50 50 50 50 50 50 10 10 10 10 10 10 10 10 10 10 10 10 10 10 10 10 10 10 10 10 10 10 10 50 50 50 50 50 50 50 50 50 50 50 50 50 50 50 50 50 50 50 50 50 50 50 50 50 50 50 50 50 50 50 50 50 50 50 50 50 50 50 50 50 50 50 50 50 50 50 50 50 50 50 30 30 10 10 10 50 50 50 50 10 10 50 50 50 50 50 50 50 50 50 50 50 10 10 10 10 10 10 50 50 50 50 50 50 50 50 50 50 50 50 50 50 50 50 50 50 50 50 50 10 10 10 10 50 50 50 50 50 50 50 50 50 50 50 50 50 50 50 50 50 50 50 50 50 50 50 50 50 50 50 50 50 50 50 50 50 50 50 50 50 50 50 50 50 50 50
10 10 10 10 10 10 50 50 50 50 50 50 50 50 50 50 50 10 10 10 10 10 10 10 10 10 10 10 10 10 10 10 10 10 10 10 10 10 30 30 30 50 50 50 50 50 50 50 50 50 50 50 50 50 50 50 50 50 50 50 50 50 50 50 50 50 50 50 50 50 50 50 50 50 50 50 50 50 50 50 50 50 50 50 50 50 50 50 50 50 50 30 10 10 10 50 50 50 50 50 10 10 10 50 50 50 50 50 50 50 50 50 50 50 50 50 10 10 10 50 50 50 50 50 50 50 50 50 50 50 50 50 50 50 50 50 50 10 10 10 10 10 10 10 10 10 50 50 50 50 50 50 50 50 50 50 50 50 50 50 50 50 50 50 50 50 50 50 50 50 50 50 50 50 50 50 50 50 50 50 50 50 50 50 50 50 50
30 30 30 10 10 10 30 30 50 50 50 50 50 50 50 50 50 50 50 10 10 10 10 10 10 10 10 10 10 10 10 10 30 30 30 30 30 30 30 30 30 50 50 50 50 50 50 50 50 50 50 50 50 50 50 50 50 50 50 50 50 50 50 50 50 50 50 50 50 50 50 50 50 50 50 50 50 50 50 50 50 50 50 50 50 50 50 50 50 50 50 30 30 30 30 50 50 50 50 50 10 10 50 50 50 50 50 50 50 50 50 50 50 50 50 50 10 10 50 50 50 50 50 50 50 50 50 50 50 50 50 50 50 50 80 10 10 10 10 10 10 10 10 10 10 10 50 50 50 50 50 50 50 50 50 50 50 50 50 50 50 50 50 50 50 50 50 50 50 50 50 50 50 50 50 50 50 50 50 50 50 50 50 50 50 50 50
30 30 30 10 10 30 30 30 50 50 50 50 50 50 50 50 50 50 50 10 10 10 10 10 10 10 10 10 10 10 10 30 30 30 30 30 30 30 30 30 30 50 50 50 50 50 50 50 50 50 50 50 50 50 50 50 50 50 50 50 50 50 50 50 50 50 50 50 50 50 50 50 50 50 50 50 50 50 50 50 50 50 50 50 50 50 50 50 50 50 50 50 30 50 50 50 50 50 50 50 50 50 50 50 50 50 50 50 50 50 50 50 50 50 50 50 50 10 50 50 50 50 50 50 50 50 50 50 50 50 50 50 10 80 10 10 10 10 10 10 10 10 10 10 10 10 50 50 50 50 50 10 10 10 50 50 50 50 50 50 50 50 50 50 50 50 50 50 50 50 50 50 50 50 50 50 50 50 50 50 50 50 50 50 50 50 50
30 30 30 30 30 30 30 50 50 50 50 50 50 50 50 50 50 50 10 10 10 10 10 10 10 10 10 10 10 10 30 30 30 30 30 30 30 30 30 50 50 50 50 50 50 50 50 50 50 50 50 50 50 50 50 50 50 50 50 50 50 50 50 50 50 50 50 50 50 50 50 50 50 50 50 50 50 50 50 50 50 50 50 50 50 10 10 10 10 50 50 50 50 50 50 50 50 50 50 50 50 50 10 50 50 50 50 10 10 10 10 10 10 10 50 50 50 50 50 50 50 50 50 50 50 50 50 50 50 10 10 10 10 10 10 10 10 10 10 50 50 50 50 10 10 10 10 50 50 50 50 50 10 10 50 50 50 50 50 50 50 50 50 50 50 50 50 50 50 50 50 50 50 50 50 50 50 50 50 50 50 50 50 50 50 50 50
30 30 50 30 30 30 50 50 50 50 50 50 50 50 50 50 50 50 50 10 10 10 10 10 10 10 10 10 30 30 30 30 30 50 50 50 30 30 50 50 50 50 50 50 50 50 50 50 50 50 30 30 50 50 50 50 50 50 50 50 50 50 50 50 50 50 50 50 50 50 50 50 50 50 50 50 50 50 50 50 50 50 50 10 10 10 10 10 10 50 50 50 50 50 50 50 50 50 50 50 50 10 10 10 10 10 10 10 10 10 10 10 10 10 50 50 50 50 50 50 50 50 50 50 50 50 10 10 10 10 10 10 10 10 10 10 10 10 10 50 50 50 50 50 10 10 10 50 50 50 50 50 10 50 50 50 50 50 50 50 50 50 50 50 50 50 50 50 50 50 50 50 50 50 50 50 50 50 50 50 50 50 50 50 50 50 50
50 50 50 50 30 50 50 50 50 50 50 50 50 50 50 50 50 50 50 50 50 50 50 10 10 50 50 50 30 30 30 50 50 50 50 50 50 50 50 50 50 50 50 50 50 50 50 50 50 50 50 50 50 50 50 50 50 50 50 50 50 50 50 50 50 50 50 50 50 50 50 50 50 50 50 50 50 10 10 10 10 10 10 50 50 50 10 10 50 50 50 50 50 50 50 50 50 50 50 10 10 10 10 10 10 10 10 10 10 10 50 10 10 50 50 50 50 50 50 50 50 50 50 50 10 10 10 10 10 10 10 10 10 10 50 50 10 10 10 10 10 50 50 10 10 10 10 10 10 50 50 50 50 50 50 50 50 50 50 50 50 50 50 50 50 50 50 50 50 50 50 50 50 50 50 50 50 50 50 50 50 50 50 50 50 50 50
50 50 50 50 50 50 50 50 50 50 50 50 50 50 50 50 50 50 50 50 50 50 50 50 50 50 50 50 50 50 50 50 50 50 50 50 50 50 50 50 50 50 50 50 50 50 50 50 50 50 50 50 50 50 50 50 50 50 50 50 50 50 50 50 50 50 50 50 50 50 50 50 50 50 50 50 10 10 10 10 10 10 50 50 50 50 50 50 50 50 50 50 50 50 10 10 10 10 10 10 10 10 10 10 10 50 50 50 50 50 50 50 50 50 50 50 50 50 50 50 50 10 10 10 10 10 10 10 10 10 10 10 10 50 50 50 10 10 10 10 10 10 10 10 10 10 10 10 10 10 10 10 50 50 50 50 50 50 50 50 50 50 50 50 50 50 50 50 50 50 50 50 50 50 50 50 50 50 50 50 50 50 50 50 50 10 10
50 50 50 50 50 50 50 50 50 50 50 50 50 50 50 50 50 50 50 50 50 50 50 50 50 50 50 50 50 50 50 50 50 50 50 50 50 50 50 50 50 50 50 50 50 50 50 50 50 50 50 50 50 50 50 50 50 50 50 50 50 50 50 50 50 50 50 50 50 50 50 50 50 50 50 50 50 50 50 50 50 50 50 50 50 50 50 50 50 50 50 50 50 50 10 10 10 10 10 10 10 10 10 50 50 50 50 50 50 50 50 50 50 50 50 50 10 10 10 10 10 10 10 10 10 10 10 10 10 10 10 10 10 50 50 50 50 50 10 10 10 10 10 10 10 10 10 10 10 50 50 50 50 50 50 50 50 50 10 10 10 50 50 50 50 50 50 50 50 50 50 50 50 50 50 50 50 50 50 50 50 50 50 50 10 10 10
50 50 50 50 50 50 50 50 50 50 50 50 50 50 50 50 50 50 50 50 50 50 50 50 50 50 50 50 50 50 50 50 50 50 50 50 50 50 50 50 50 50 50 50 50 50 50 50 50 50 50 50 50 50 50 50 50 50 50 50 50 50 50 50 50 50 50 50 50 50 50 50 50 50 50 50 50 50 50 50 50 50 50 50 50 50 50 50 50 50 50 50 50 50 10 10 10 10 10 10 10 10 50 50 50 50 50 50 50 50 50 10 10 10 10 10 10 10 10 10 10 10 10 10 10 10 10 10 10 10 10 10 10 10 10 50 50 50 50 10 10 10 10 10 10 10 10 30 30 50 50 50 50 50 50 50 50 50 50 50 10 10 10 50 50 50 50 50 50 50 50 50 50 50 50 50 50 50 50 50 50 50 50 10 10 10 10
50 50 50 50 50 50 50 50 50 50 50 50 50 50 50 50 50 50 50 50 50 50 50 50 50 50 50 50 50 50 50 50 50 50 50 50 50 50 50 50 50 50 50 50 50 50 50 50 50 50 50 50 50 50 50 50 50 50 50 50 50 50 50 50 50 50 50 50 50 50 50 50 50 50 50 50 50 50 50 50 50 50 50 50 50 50 50 50 50 50 50 50 50 50 10 10 10 10 10 10 50 50 50 50 50 50 50 50 10 10 10 10 10 10 10 10 10 10 10 10 10 10 10 10 10 10 10 10 10 10 10 10 10 10 10 10 50 50 50 50 50 50 50 50 50 10 30 30 30 30 50 50 50 50 50 50 50 50 50 10 10 50 50 50 50 50 50 50 50 50 50 50 50 50 50 50 50 50 50 50 50 50 10 10 10 10 10
50 50 50 50 50 50 50 50 50 50 50 50 50 50 50 50 50 50 50 50 50 50 50 50 50 50 50 50 50 50 50 50 50 50 50 50 50 50 50 50 50 50 50 50 50 50 50 50 50 50 50 50 50 50 50 50 50 50 50 50 50 50 50 50 50 50 50 50 50 50 50 50 50 50 50 50 50 50 50 50 50 50 50 50 50 50 50 50 50 50 50 50 50 50 10 10 10 10 10 50 50 50 50 50 50 50 50 10 10 10 10 10 10 10 10 10 10 10 10 10 10 50 50 50 50 50 50 50 50 50 50 50 50 50 10 10 10 10 50 50 50 50 50 50 50 50 50 30 30 30 50 50 50 50 50 50 50 10 10 10 10 50 50 50 50 50 50 50 50 50 50 50 50 50 50 50 50 50 50 50 50 10 10 10 10 50 50
50 50 50 50 50 50 50 50 50 50 50 50 50 50 50 50 50 50 50 50 50 50 50 50 50 50 50 50 50 50 50 50 50 50 50 50 50 50 50 50 50 50 50 50 50 50 50 50 50 50 50 50 50 50 50 50 50 50 50 50 50 50 50 50 50 50 50 50 50 50 50 50 50 50 50 50 50 50 50 50 50 50 50 50 50 50 10 50 50 50 50 50 50 50 10 10 10 50 50 50 50 50 50 10 10 10 10 10 10 10 10 10 10 10 10 10 30 30 30 50 50 50 50 50 50 50 50 50 50 50 50 50 50 50 10 10 10 10 50 50 50 50 50 50 50 50 50 30 30 30 30 30 50 50 50 10 10 10 10 10 10 10 10 50 50 50 50 10 10 10 10 50 50 50 50 50 50 50 50 10 10 10 10 10 10 50 50
50 50 50 50 50 50 50 50 50 50 50 50 50 50 50 50 50 50 50 50 50 50 50 50 50 50 50 50 50 50 50 50 50 50 50 10 10 10 10 50 50 50 50 50 50 50 50 50 50 50 50 50 50 50 50 50 50 50 50 50 50 50 50 50 50 50 50 50 50 50 50 50 50 50 50 50 50 50 50 50 50 50 50 50 50 50 50 50 50 50 50 50 10 10 10 10 50 50 50 50 10 10 10 10 10 10 10 10 10 10 10 10 10 10 10 30 30 30 30 30 50 50 50 50 50 50 50 50 50 50 50 50 50 50 10 10 10 10 10 50 50 50 50 50 50 50 30 30 30 30 30 30 30 10 10 10 10 10 10 10 10 10 10 50 50 50 10 10 10 10 10 10 10 10 50 50 50 50 10 10 10 10 10 10 10 10 50
50 10 10 10 10 50 50 50 50 50 50 50 50 50 50 50 50 50 50 50 50 50 50 50 50 50 50 50 50 50 50 50 50 50 50 10 10 10 10 10 10 10 50 50 50 50 50 50 50 50 50 50 50 50 50 50 50 50 50 50 50 50 50 50 50 50 50 50 50 50 50 50 50 50 50 50 50 50 50 50 50 50 50 50 50 50 50 50 50 50 50 50 50 50 50 50 50 50 50 10 10 10 10 10 10 10 10 10 10 10 10 10 10 10 10 30 30 30 30 50 50 50 50 50 50 50 50 50 50 50 50 50 50 50 10 10 10 10 10 10 10 50 50 50 50 10 10 30 30 30 30 30 30 10 10 10 10 10 10 10 10 10 10 10 50 10 10 10 10 10 10 10 10 10 10 10 10 50 10 10 10 10 10 10 10 10 10
10 10 10 10 10 50 50 50 50 50 50 50 50 50 50 50 50 50 50 50 50 50 50 50 50 50 50 50 50 10 10 50 50 50 50 10 10 10 10 10 50 50 50 50 50 50 50 50 50 50 50 50 50 50 50 50 50 50 50 50 50 50 50 50 50 50 50 50 50 50 50 50 50 50 50 50 50 50 50 50 50 50 50 50 50 50 50 50 50 50 50 50 50 50 50 50 50 10 10 10 10 10 10 10 10 10 10 10 10 10 10 10 10 10 10 10 10 10 10 50 50 50 50 50 50 50 50 50 50 50 50 50 50 50 50 50 10 10 10 10 10 50 50 50 10 10 10 10 30 30 30 30 10 10 10 10 10 50 50 10 10 10 10 10 10 10 10 10 10 10 10 10 10 10 10 10 10 50 50 10 10 10 10 10 10 10 10
10 10 10 10 10 10 50 50 50 50 50 50 50 50 50 50 50 50 50 50 50 50 50 50 50 50 50 50 50 50 50 50 50 50 50 10 10 10 10 50 50 50 50 50 50 50 50 50 50 10 10 50 50 50 50 50 50 50 50 50 50 50 50 50 50 50 50 50 50 50 50 50 50 50 50 50 50 50 50 50 50 50 50 50 10 10 50 50 50 50 50 50 50 50 50 30 30 30 10 10 10 10 10 10 10 10 50 50 50 50 50 50 10 10 10 10 10 10 10 10 50 50 50 50 50 50 50 50 50 50 50 50 50 50 50 50 10 10 10 10 50 50 10 10 10 10 10 10 10 10 10 10 10 10 10 10 50 50 50 50 50 50 50 50 50 50 50 50 50 50 10 10 10 10 10 10 10 10 10 10 50 50 50 10 10 10 10
10 10 10 10 10 50 50 50 50 50 50 50 50 50 50 50 50 50 50 50 50 50 50 50 50 50 50 50 50 50 50 50 50 50 50 50 50 50 50 50 50 50 50 50 50 50 50 50 50 10 10 50 50 50 50 50 50 50 50 50 50 50 50 50 50 50 50 50 50 50 50 50 50 50 50 50 50 50 50 50 50 10 10 10 50 50 50 50 50 50 50 50 50 50 10 30 30 50 10 10 10 10 10 10 10 10 50 50 50 50 50 50 10 10 10 10 10 10 10 10 50 50 50 50 50 50 50 50 50 50 50 50 50 50 50 50 10 10 10 10 50 50 50 50 10 10 10 10 10 10 10 10 10 10 10 10 50 50 50 50 50 50 50 50 50 50 50 50 50 50 10 50 50 50 50 10 10 10 10 10 10 50 50 50 10 10 10
30 30 10 10 50 50 50 50 50 50 50 50 50 50 50 50 50 50 50 50 50 50 50 50 50 50 50 50 50 50 50 50 50 50 50 50 50 50 50 50 50 50 50 50 50 50 50 50 50 10 50 50 50 50 50 50 50 50 50 50 50 50 50 50 50 50 50 50 50 50 50 50 50 50 50 50 50 50 50 50 50 50 50 50 50 50 50 50 50 50 50 50 10 10 10 10 50 50 10 10 10 10 10 10 10 10 50 50 50 50 50 10 10 10 10 50 50 10 10 10 10 10 50 50 50 50 50 50 50 50 50 50 50 50 50 50 10 10 10 10 50 50 50 50 10 10 10 10 10 10 10 10 10 10 10 10 50 50 50 50 50 50 50 50 50 50 50 50 50 50 50 50 50 50 50 10 10 10 10 10 10 10 10 50 50 50 10
30 50 50 50 50 50 50 50 50 50 50 50 50 50 50 50 50 50 50 50 50 50 50 50 50 50 50 50 50 50 50 50 50 50 50 50 50 50 50 50 50 50 50 50 50 50 50 50 50 50 50 50 50 50 50 50 50 50 50 50 50 50 50 50 50 50 50 50 50 50 50 50 50 50 50 50 50 50 50 50 50 50 50 50 50 50 50 50 50 50 50 10 10 10 10 10 10 10 10 10 10 10 10 10 10 50 50 50 50 50 10 10 10 10 10 50 50 50 10 10 10 10 10 10 10 10 50 50 50 50 50 50 50 50 50 50 10 10 10 50 50 50 50 10 10 10 10 50 50 50 10 10 10 10 10 10 50 50 50 50 50 50 50 50 50 50 50 10 10 50 50 50 50 50 10 10 10 10 50 50 50 10 10 10 50 50 50
50 50 50 50 50 50 50 50 50 50 50 50 50 50 50 50 50 50 50 50 50 50 50 50 50 50 50 50 50 50 50 50 50 50 50 50 50 50 50 50 50 50 50 50 50 50 50 50 50 50 50 50 50 50 50 50 50 50 50 50 50 50 50 50 50 50 50 50 50 50 50 50 50 50 50 50 50 50 50 50 50 50 50 50 50 50 50 50 50 10 10 10 10 10 10 10 10 10 10 10 50 50 50 50 50 50 50 50 50 50 10 10 10 10 10 50 50 10 10 10 10 10 10 10 10 10 50 50 50 50 50 50 50 50 50 50 50 50 50 50 50 50 50 50 10 10 10 50 50 50 50 10 10 10 10 10 10 50 50 50 50 50 50 50 50 50 50 10 10 50 50 50 10 10 10 10 10 10 50 50 50 10 10 10 50 50 50
30 50 50 50 50 50 50 50 50 50 50 50 50 50 50 50 50 50 50 50 50 50 50 50 50 50 50 50 50 50 50 50 50 50 50 50 50 50 50 50 50 50 50 50 50 50 50 50 50 50 50 50 50 50 50 50 50 50 50 50 50 50 50 50 50 50 50 50 50 50 50 50 50 50 50 50 50 50 50 50 50 50 50 50 50 50 50 50 10 10 10 10 10 10 10 10 30 30 30 50 50 10 50 10 50 50 50 50 50 30 10 10 10 10 10 50 10 10 10 10 10 10 10 10 10 10 10 10 50 50 50 50 50 10 10 10 50 50 50 50 50 50 10 10 10 10 10 50 50 50 50 10 10 10 10 10 10 10 50 50 50 50 50 50 50 50 10 50 50 50 50 50 10 10 10 10 10 10 10 10 10 10 10 10 10 10 10
50 50 50 50 50 50 50 50 50 50 50 50 50 50 50 50 50 50 50 50 50 50 50 50 50 50 50 50 50 50 50 50 50 10 10 50 50 50 50 50 50 50 50 50 50 50 50 50 50 50 50 50 50 50 50 50 50 50 50 50 50 50 50 50 50 50 50 50 50 50 10 10 10 10 10 50 50 50 50 50 10 50 50 50 50 50 50 10 10 10 10 10 10 10 10 10 30 30 30 50 50 10 10 10 50 50 50 50 30 30 30 30 30 10 10 10 10 10 10 10 10 10 10 10 10 10 10 10 10 10 10 10 10 10 10 10 10 50 50 50 10 10 10 10 10 10 10 10 10 10 10 10 10 10 10 10 10 10 10 10 10 50 50 50 10 10 10 50 50 50 50 50 10 10 10 10 10 10 10 10 10 10 10 10 10 10 50
50 50 50 50 50 50 50 50 50 50 50 50 50 50 50 50 30 30 50 50 50 50 50 50 50 50 50 50 50 50 50 50 50 10 10 50 50 50 50 50 50 50 50 50 50 50 50 50 50 50 50 50 50 50 50 50 50 50 50 50 50 50 50 50 50 50 50 50 50 10 10 10 10 50 50 50 50 50 50 50 50 50 50 50 50 50 50 10 10 10 10 10 10 10 10 10 30 30 50 50 50 10 10 10 50 50 50 10 10 30 30 30 30 10 10 10 10 10 10 10 10 10 10 10 10 10 10 10 10 10 10 10 10 10 10 10 10 50 50 50 10 10 10 10 10 10 10 10 10 10 10 10 10 10 10 10 10 10 10 10 10 10 50 50 10 10 10 10 50 50 50 50 10 10 10 10 10 10 10 10 50 50 50 10 10 50 50
50 50 50 50 50 50 50 50 10 10 10 10 10 10 50 50 50 50 50 50 50 50 50 50 50 50 50 50 50 50 50 50 50 10 10 50 50 50 50 50 50 50 50 50 50 50 50 50 50 50 50 50 50 50 50 50 50 50 10 50 50 50 50 50 50 50 50 50 50 10 10 50 50 50 50 50 50 50 50 50 50 50 50 50 50 50 10 10 10 10 10 10 10 10 10 10 30 30 50 50 50 10 10 10 50 50 50 10 10 30 30 30 30 30 30 10 10 10 10 10 10 10 10 10 10 10 10 10 10 10 10 10 10 10 10 10 10 50 50 50 10 10 10 10 10 10 10 10 10 10 10 10 10 50 50 50 50 50 50 10 10 10 50 10 10 10 10 10 50 50 50 50 10 10 10 10 10 10 50 50 50 50 50 50 50 50 50
50 50 50 50 50 50 50 50 10 10 10 10 10 50 50 50 50 50 50 50 50 50 50 50 50 50 50 50 50 50 50 50 50 10 50 50 50 50 50 50 50 50 50 50 50 50 50 50 50 10 50 50 50 50 10 50 50 50 50 50 50 50 50 50 50 50 50 50 50 50 50 50 50 50 50 50 50 50 50 50 50 50 50 50 50 10 10 10 10 10 10 10 10 10 10 10 30 50 50 50 50 10 10 10 50 50 50 10 10 30 30 30 30 30 10 10 10 10 10 10 10 10 10 10 10 10 10 10 10 10 10 10 10 10 10 10 10 50 50 50 10 10 10 10 10 10 10 10 50 50 50 50 50 50 50 50 50 50 10 10 10 10 10 10 10 10 10 10 50 50 50 10 10 10 10 10 10 10 50 50 50 50 50 50 50 50 50
50 50 50 50 50 50 50 50 50 50 10 10 50 50 50 50 50 50 50 50 50 50 50 50 50 50 50 50 50 50 50 50 50 50 50 50 50 50 50 50 50 50 50 50 50 50 50 50 50 10 10 50 50 50 50 50 50 50 50 50 50 50 50 50 50 50 50 50 50 50 50 50 50 50 50 50 50 50 50 50 50 50 50 50 50 10 10 10 10 10 10 10 10 10 10 10 10 50 50 50 10 10 10 10 50 50 50 10 30 30 30 30 30 10 10 10 10 10 50 50 50 50 50 50 50 50 50 50 10 10 10 10 10 10 10 10 10 50 50 50 10 10 10 10 10 10 10 10 10 10 10 10 10 10 10 10 10 10 10 10 10 10 10 10 10 10 10 50 50 50 50 10 10 10 10 10 10 10 10 10 10 10 10 50 50 50 10
50 50 50 50 50 50 50 50 50 50 50 50 50 50 50 50 50 50 50 50 50 50 50 50 50 50 50 50 50 50 50 50 50 10 10 10 50 50 50 50 50 50 50 50 50 50 50 50 50 50 50 50 50 50 50 50 50 50 50 50 50 50 50 50 50 50 50 50 50 50 50 50 50 50 50 50 50 50 50 50 50 50 50 50 50 10 10 10 50 50 50 50 50 50 50 50 50 50 50 10 10 10 10 10 10 50 50 50 50 30 30 30 10 10 10 10 10 10 10 10 10 10 10 10 10 10 10 10 10 10 10 10 10 10 10 10 10 50 50 50 10 10 10 10 10 10 10 10 10 10 10 10 10 10 10 10 10 10 10 10 10 10 10 10 10 50 50 50 50 50 50 10 10 10 10 10 10 10 10 10 10 10 10 10 10 10 10
50 50 50 50 50 50 50 50 50 50 50 50 50 50 50 50 50 50 50 50 50 50 50 50 50 50 50 50 50 50 50 50 50 10 10 50 50 50 50 50 50 50 50 50 50 50 50 50 50 50 50 50 50 50 50 50 50 50 50 50 50 50 50 50 50 50 50 50 50 50 50 50 50 50 50 50 50 50 50 50 50 50 50 50 50 10 10 50 50 50 50 50 50 50 50 50 50 30 30 50 50 50 10 10 10 50 50 50 50 50 50 50 10 10 10 10 10 10 10 10 10 10 10 10 10 10 10 10 10 10 10 10 10 10 10 10 10 50 50 50 10 10 10 10 10 10 10 10 10 10 10 10 10 10 10 10 10 10 50 50 10 10 10 10 10 50 50 50 50 50 10 10 10 10 10 10 10 10 10 10 10 10 10 50 50 50 50
50 50 50 50 50 50 50 50 50 50 50 50 50 50 50 50 50 50 50 50 50 50 50 50 50 50 50 50 50 50 50 50 50 50 50 50 50 50 50 50 50 50 50 50 50 50 50 50 50 50 50 50 50 50 50 50 50 50 50 50 50 50 50 50 50 50 50 50 50 50 50 50 50 50 50 50 50 50 50 50 50 50 50 50 50 10 50 50 50 50 50 50 50 50 50 50 50 30 50 50 50 50 10 10 10 50 50 50 50 50 50 10 10 10 10 10 10 10 10 10 10 10 10 50 50 50 10 10 10 10 10 10 10 10 10 10 10 10 50 50 50 30 50 10 10 10 10 10 10 10 10 50 50 50 50 50 50 50 50 50 50 10 10 10 50 50 50 50 10 10 10 10 10 10 10 10 10 10 10 10 10 10 50 50 50 50 50
50 50 50 50 50 50 50 50 50 50 50 50 50 50 50 50 50 50 50 50 50 50 50 50 50 50 50 50 50 50 50 50 50 50 50 50 50 50 50 50 50 50 50 50 50 50 50 50 50 50 50 50 50 50 50 50 50 50 50 50 50 50 50 50 50 50 50 50 50 50 50 50 50 50 50 50 50 50 50 50 50 50 50 50 50 10 50 50 50 50 50 50 50 50 50 50 50 50 50 50 50 50 10 10 10 50 50 10 10 10 10 10 10 10 10 10 10 10 50 50 50 50 50 50 50 50 50 50 50 10 10 10 10 10 10 10 10 10 10 10 10 50 50 50 50 10 10 10 10 10 10 10 10 10 10 10 10 10 10 10 10 10 10 50 50 50 50 50 10 10 10 10 10 10 10 10 30 30 30 10 10 10 10 10 10 10 10
10 10 10 10 50 50 50 50 50 50 50 50 50 50 50 50 50 50 50 50 50 50 50 50 50 50 50 50 50 50 50 50 50 50 50 50 50 50 50 50 50 50 50 50 50 50 50 50 50 50 50 50 50 50 50 50 50 50 50 50 50 50 50 50 50 50 50 50 50 50 50 50 50 50 50 50 50 50 50 50 50 50 50 50 50 30 30 30 50 50 50 50 50 50 50 50 50 50 50 50 50 50 50 50 10 10 10 10 50 50 50 50 50 10 10 10 10 10 10 50 50 50 50 50 50 50 50 50 50 10 10 50 50 10 10 10 10 10 10 10 10 10 10 50 50 50 50 50 10 10 10 10 10 10 10 10 10 10 10 10 10 10 10 10 10 50 50 50 10 10 10 10 10 10 10 10 30 30 30 30 30 10 10 10 10 10 10
10 10 10 50 50 50 50 50 50 50 50 50 50 50 50 50 50 50 50 50 50 50 50 50 50 50 50 50 50 50 50 50 50 50 50 50 50 50 50 50 50 50 50 50 50 50 50 50 50 50 50 50 50 50 50 50 50 50 50 50 50 50 50 50 50 50 50 50 50 50 50 50 50 50 50 50 50 50 50 50 50 50 50 50 50 30 30 30 50 50 50 50 50 50 50 50 50 50 50 50 50 50 50 50 10 10 10 10 50 50 50 50 50 10 10 10 10 10 10 50 10 10 10 10 10 10 10 10 10 10 50 50 50 10 10 10 10 10 10 10 10 10 10 50 50 50 50 50 10 10 10 10 10 10 50 50 50 10 10 10 10 10 50 10 50 50 50 50 10 10 10 50 50 10 10 10 30 30 30 30 10 10 10 10 10 10 10
50 10 10 50 50 50 50 50 50 50 50 50 50 50 50 50 50 50 50 50 50 50 50 50 50 10 50 50 50 50 50 50 50 50 10 50 50 50 50 50 50 50 50 50 50 50 50 50 50 50 50 50 50 50 50 50 50 50 50 50 50 50 50 50 50 50 50 50 50 50 50 50 50 50 50 50 50 50 50 50 50 50 50 50 50 30 30 50 50 50 50 50 50 50 50 50 50 50 50 50 50 50 50 50 10 10 10 10 50 50 50 50 10 10 10 10 10 10 10 10 10 10 10 10 10 10 10 10 10 10 50 50 50 10 10 10 10 50 10 10 10 10 10 10 50 50 50 50 50 10 10 10 50 50 50 50 50 50 50 10 10 50 50 50 50 50 50 50 10 10 10 50 50 10 10 10 10 30 10 10 10 10 10 10 10 10 10
10 10 10 50 50 50 50 50 50 50 50 50 50 50 50 50 50 50 50 50 50 50 50 50 10 10 10 10 50 50 50 50 50 50 50 50 50 50 50 50 50 50 50 50 50 50 50 50 50 50 50 50 50 50 50 50 50 50 50 50 50 50 50 50 10 50 50 50 50 50 50 50 50 50 50 50 50 50 50 50 50 50 50 50 50 30 50 50 50 50 50 50 50 50 10 10 50 50 50 50 50 50 10 10 10 10 10 10 50 50 50 10 10 10 50 50 10 10 10 10 10 10 10 10 10 10 50 50 50 50 50 50 50 10 10 10 50 50 10 10 10 10 10 10 50 50 50 50 10 10 10 10 10 10 10 10 50 50 50 50 50 50 50 50 50 50 50 50 10 10 10 50 50 10 10 10 10 10 10 10 10 10 10 10 10 10 10
10 10 50 50 50 50 50 50 50 50 50 50 50 50 50 50 50 10 10 10 10 10 10 10 10 10 10 10 50 50 50 50 50 50 50 10 10 10 10 50 50 50 50 50 50 10 10 10 50 50 50 50 50 50 50 50 50 50 50 50 50 50 50 50 50 50 50 50 50 50 50 50 50 50 50 50 50 50 50 50 50 50 50 50 50 30 30 50 50 50 50 50 50 50 10 50 50 50 50 50 50 50 10 10 10 10 10 10 50 50 10 10 10 10 50 50 50 50 50 50 50 50 50 50 50 50 50 50 50 50 50 50 50 10 10 10 50 50 10 10 10 10 10 10 10 10 50 10 10 10 10 10 10 10 10 10 10 10 10 10 10 10 10 50 50 50 50 10 10 10 10 50 50 10 10 10 10 10 10 10 10 50 50 50 50 50 50
50 50 50 50 50 50 50 50 50 50 50 50 50 50 50 50 50 10 10 10 10 10 10 10 10 10 10 10 10 10 10 10 10 10 10 10 10 10 10 50 50 50 50 50 50 10 10 10 50 50 50 50 50 50 50 50 50 50 50 50 50 50 50 50 50 50 50 50 50 50 50 50 50 50 50 50 50 50 50 50 50 50 50 50 50 50 50 50 50 50 50 50 50 50 50 50 50 50 50 50 10 10 10 10 10 10 10 10 10 10 10 10 10 10 50 10 10 10 50 50 50 50 50 10 10 10 10 10 10 10 10 50 50 10 10 10 50 50 10 10 10 10 10 10 10 10 50 10 10 10 10 10 10 10 10 10 10 10 10 10 10 10 10 10 10 10 10 10 10 10 10 50 50 50 10 10 10 10 10 50 50 50 50 50 50 50 50
50 50 50 50 50 50 50 50 50 50 50 50 50 50 50 50 50 50 10 10 10 10 10 10 10 10 10 10 10 10 10 10 10 50 50 50 50 10 50 50 50 50 50 50 50 50 50 10 50 50 50 50 50 50 50 10 10 10 50 50 50 50 80 10 10 10 50 50 50 50 50 50 50 50 50 50 50 50 50 50 50 50 50 50 50 50 50 50 50 50 50 50 50 50 50 50 50 50 50 50 10 10 10 10 10 10 10 10 10 10 10 10 10 10 10 10 10 10 10 10 10 10 10 10 10 10 10 10 10 10 50 50 10 10 10 10 50 50 50 10 10 10 10 10 10 10 10 10 10 10 10 10 10 10 10 10 10 10 10 10 10 10 10 10 10 10 10 10 10 10 10 50 50 50 10 10 10 10 50 50 50 50 50 50 50 50 50
50 50 50 50 50 50 50 50 50 50 50 50 50 50 50 50 50 50 10 10 10 10 10 10 50 50 50 50 50 50 50 50 50 50 50 50 50 50 50 50 50 50 50 50 50 50 50 50 50 50 50 50 50 50 50 10 10 10 50 50 50 50 50 50 10 10 10 10 10 10 50 50 50 50 50 50 50 50 50 50 50 50 50 50 50 50 50 50 50 50 50 10 10 10 50 50 50 50 50 50 10 10 10 10 10 10 10 10 10 10 10 10 10 10 10 10 10 10 10 10 10 10 10 10 10 10 10 10 10 10 10 10 10 10 10 10 50 50 50 10 10 10 10 10 10 10 10 10 10 10 10 10 10 10 10 10 10 50 50 50 10 10 10 10 10 10 10 10 10 10 10 50 50 50 10 10 10 50 50 50 50 50 10 10 10 50 50
50 50 10 10 50 50 50 50 50 50 50 50 50 50 50 50 50 50 50 50 50 50 50 50 50 50 50 50 50 50 50 50 50 50 50 50 50 50 50 50 50 50 50 50 50 50 50 50 50 50 50 50 50 50 50 50 10 50 50 50 50 50 50 50 50 10 10 10 10 10 10 10 10 10 10 50 50 50 50 50 50 50 50 50 50 50 50 50 50 50 50 10 10 10 10 10 10 50 50 50 10 10 10 10 10 50 50 50 10 10 10 10 10 50 50 50 50 50 50 50 50 50 50 50 50 50 50 50 50 10 10 10 10 10 10 10 10 10 10 10 10 10 10 10 10 10 10 10 10 10 10 10 10 10 10 10 10 50 50 50 10 10 10 10 10 50 10 10 10 10 10 50 50 50 10 10 10 50 50 50 50 50 10 10 10 50 50
10 10 10 10 50 50 50 50 50 50 50 50 50 50 50 50 50 50 50 50 50 50 50 50 50 50 50 50 50 50 50 50 50 50 50 50 50 50 50 50 50 50 50 50 50 50 50 50 50 50 50 50 50 50 50 50 50 50 50 50 50 50 50 50 50 50 50 10 10 10 10 10 10 10 10 10 10 10 50 50 50 50 50 50 50 50 50 50 50 50 50 50 10 10 10 10 10 10 50 10 10 10 10 10 10 50 50 10 10 10 10 10 10 50 50 50 50 50 50 50 50 50 50 50 10 10 10 10 10 10 10 10 10 10 10 10 10 10 10 10 10 10 10 10 10 10 10 10 10 10 10 10 50 10 10 10 10 50 50 50 10 10 10 50 50 50 10 10 10 10 10 50 50 50 10 10 10 10 10 50 10 10 10 10 10 50 50
10 10 10 50 50 50 50 50 50 50 50 50 50 50 50 50 50 50 50 50 50 50 50 50 50 50 50 50 50 50 50 50 50 50 50 50 50 50 50 50 50 50 50 50 50 50 50 50 50 50 50 50 50 50 50 50 50 50 50 50 50 50 50 50 50 50 50 10 10 50 50 50 50 10 10 10 10 10 10 10 50 50 50 50 50 50 50 50 50 50 50 50 50 50 50 10 10 10 10 10 10 10 10 10 10 10 10 10 10 10 10 10 10 10 10 10 10 10 10 10 10 10 10 10 10 10 10 10 10 10 10 10 10 10 10 10 10 10 10 10 10 10 10 10 10 10 10 10 10 10 10 10 50 10 10 10 10 50 50 50 10 10 10 50 50 50 50 50 10 10 10 10 50 10 10 10 10 10 10 10 10 10 10 10 10 50 50
50 50 50 50 50 50 50 50 50 50 50 50 50 50 50 50 50 50 50 50 50 50 50 50 50 50 50 50 50 50 50 50 50 50 50 50 50 50 50 50 50 50 50 50 50 50 50 50 50 50 50 50 50 50 50 50 50 50 50 50 50 50 50 50 50 50 50 50 50 50 50 50 50 10 10 10 10 10 10 50 50 50 50 50 50 50 50 50 50 10 10 10 50 50 50 50 50 50 50 50 10 10 10 10 10 10 10 10 10 10 10 10 10 10 10 10 10 10 10 50 50 50 50 50 50 50 50 10 10 10 10 10 10 10 10 10 10 10 10 10 10 50 50 50 10 10 10 10 10 10 10 10 50 10 10 10 10 50 50 50 10 10 10 10 50 50 10 10 10 10 10 10 10 10 10 10 10 10 10 10 10 10 10 10 10 50 50
50 50 50 50 50 50 50 50 50 50 50 50 50 50 50 50 50 50 50 50 50 50 50 50 50 50 50 50 50 50 50 50 50 50 50 50 50 50 50 50 50 50 50 50 50 50 50 50 50 50 50 50 50 50 50 50 50 50 50 50 50 50 50 50 50 50 50 50 50 50 50 50 50 10 10 10 10 10 10 50 50 50 50 50 50 50 50 50 50 10 10 10 10 10 10 10 10 50 50 10 10 10 10 10 10 10 10 10 10 10 10 50 50 50 50 50 50 50 50 50 50 50 50 50 50 50 50 50 50 50 50 50 50 10 10 10 10 10 10 10 10 10 50 10 10 10 10 10 10 10 10 10 50 10 10 10 50 50 50 50 10 10 10 10 50 50 10 10 10 10 10 10 10 10 10 10 10 10 10 10 10 10 10 10 10 10 50
50 50 50 50 50 50 50 50 50 50 50 50 50 50 50 50 50 50 50 50 50 50 50 50 50 50 10 10 10 10 10 10 50 10 10 10 10 50 50 50 50 50 50 50 50 50 50 50 50 50 50 50 50 50 50 50 50 50 50 50 50 50 50 50 50 50 50 50 50 50 50 50 10 10 10 10 10 10 10 50 50 50 50 50 50 50 50 50 50 10 10 10 10 10 10 10 10 10 10 10 10 10 10 10 10 10 10 10 10 10 10 30 30 30 30 30 30 30 30 30 50 50 50 50 50 50 50 50 50 50 50 50 50 10 10 10 10 10 10 10 10 10 10 10 10 10 10 10 10 10 10 10 10 10 10 10 10 10 50 10 10 10 10 10 50 50 10 10 10 10 10 10 10 10 10 10 10 10 10 10 10 10 10 10 10 10 50
50 50 50 50 50 50 50 50 50 50 50 50 50 50 50 50 50 50 50 50 50 50 50 50 50 50 10 10 10 10 10 10 10 10 10 10 10 10 50 50 50 50 50 50 50 50 50 50 50 50 50 50 50 50 50 50 50 50 50 50 50 50 50 50 50 50 50 50 50 50 50 10 10 10 50 50 50 50 10 10 10 10 50 50 50 50 50 50 50 50 10 10 10 10 10 10 10 10 10 10 10 10 10 10 10 10 10 10 10 10 10 30 30 30 30 30 30 30 30 30 30 30 30 30 30 30 30 30 30 30 30 10 10 10 10 10 50 50 50 50 50 50 50 50 10 10 10 10 10 10 10 10 10 10 10 10 10 10 10 10 10 10 10 10 50 10 10 10 10 10 10 10 10 10 10 50 50 50 10 10 10 10 10 10 10 10 50
50 50 50 50 50 50 50 50 50 50 50 50 50 50 50 50 50 50 50 50 50 50 50 50 50 10 10 10 10 10 10 10 10 10 30 30 30 10 50 50 50 50 50 50 50 50 50 50 10 10 10 10 10 10 50 50 50 50 50 50 50 50 50 50 50 50 50 50 50 50 50 50 50 50 50 50 50 50 10 10 10 10 50 50 50 50 50 50 50 50 10 10 10 10 10 10 10 10 10 10 10 10 10 10 10 10 10 10 10 10 10 10 30 30 30 30 30 30 30 30 30 30 30 30 30 30 30 30 30 30 30 10 10 10 10 10 10 10 10 10 10 50 50 50 50 50 50 50 10 10 10 50 50 50 50 50 10 10 10 10 10 10 10 10 10 10 10 10 10 10 10 10 10 10 10 50 50 10 10 10 10 10 10 10 10 10 10
50 50 50 50 50 50 50 50 50 50 50 50 50 50 50 50 50 50 50 50 10 10 10 10 10 10 10 10 10 10 10 50 10 10 30 30 10 30 30 50 50 50 50 50 50 50 50 50 50 10 10 10 10 50 50 50 50 50 50 50 50 50 50 50 50 50 50 50 50 50 50 50 50 50 50 50 50 10 10 10 10 10 50 50 50 50 50 50 50 50 10 10 10 10 10 10 10 10 10 10 10 10 10 10 10 10 10 10 10 10 10 10 30 30 30 30 10 10 10 30 30 30 30 30 30 30 30 30 30 30 10 10 10 10 10 10 10 10 10 10 10 10 10 10 10 50 50 50 50 50 50 50 50 30 30 50 50 50 10 10 10 50 50 50 50 50 50 50 50 10 10 10 10 10 10 10 10 10 10 10 10 10 10 10 10 10 10
50 50 50 50 50 50 50 30 50 50 50 50 50 50 50 50 50 50 50 10 10 10 10 10 10 10 10 10 10 50 50 50 50 50 10 10 50 50 50 50 50 50 50 50 50 50 50 50 50 50 50 50 50 50 50 50 50 50 50 50 50 50 50 50 50 50 50 50 50 50 50 50 50 50 50 50 10 10 10 10 10 10 50 50 50 50 50 50 50 50 10 10 10 10 10 10 10 10 10 10 10 10 10 10 10 10 10 10 10 10 10 10 10 10 10 10 10 10 10 10 10 10 10 30 30 30 30 10 10 10 10 10 10 10 10 10 10 10 10 10 10 10 10 10 10 30 30 30 50 50 50 50 50 50 50 50 50 50 10 10 10 10 10 10 10 50 50 50 50 10 10 10 10 10 10 10 10 10 10 10 10 10 10 50 50 50 50
10 50 50 50 50 30 30 30 50 50 50 50 50 50 50 50 50 50 50 10 10 10 10 10 10 10 10 10 50 50 50 50 50 50 50 50 50 50 30 50 50 50 50 50 50 50 50 50 50 50 50 50 50 50 50 50 50 50 50 50 50 50 50 50 50 50 50 50 50 50 50 50 50 50 50 50 10 10 50 50 50 10 10 10 50 50 50 50 50 50 10 10 10 10 10 10 10 10 10 10 10 10 10 10 10 10 10 10 10 10 10 10 10 10 10 10 10 10 10 10 10 10 10 10 10 10 10 10 10 10 10 10 10 10 10 10 10 10 10 10 10 10 10 10 30 30 30 30 50 50 50 50 50 50 50 50 50 50 50 50 50 50 50 50 50 50 50 50 50 50 50 50 50 50 50 50 50 50 50 10 10 10 10 50 50 50 50
10 30 30 50 50 30 30 30 30 30 50 50 50 50 50 50 50 50 50 10 10 10 10 10 10 50 50 30 50 50 50 50 50 50 50 50 50 50 50 50 50 50 50 50 50 50 50 50 50 50 50 50 50 50 50 50 50 50 50 50 50 50 50 50 50 50 50 50 50 50 50 50 50 50 50 50 50 50 50 50 50 50 10 10 50 50 50 50 50 50 50 50 10 10 50 50 50 50 10 10 10 10 10 10 10 10 10 10 10 10 10 10 10 10 10 10 10 10 10 10 10 10 10 10 10 10 10 10 10 10 10 10 10 10 10 10 10 10 10 10 10 10 10 10 30 30 30 30 50 50 50 50 50 50 50 50 50 50 50 50 50 50 50 50 50 50 50 50 50 50 50 50 50 50 50 10 10 10 10 10 10 10 10 10 10 10 10
30 30 30 30 50 50 50 30 30 10 10 50 50 50 50 50 50 50 50 10 10 50 50 50 50 50 50 50 50 50 50 50 50 50 50 50 50 50 50 50 50 50 50 50 50 50 50 50 50 50 50 50 50 50 50 50 50 50 50 50 50 50 50 50 50 50 50 50 50 50 50 50 50 50 50 50 50 50 50 50 50 50 10 10 50 50 50 50 50 50 50 50 10 50 50 50 50 50 10 10 10 10 10 10 10 10 10 10 10 10 10 10 10 10 10 10 10 10 10 10 10 10 10 10 10 10 10 10 10 10 10 10 10 50 50 50 50 50 50 10 10 10 10 10 30 30 30 50 50 50 50 50 50 50 50 10 10 10 10 10 10 10 10 10 10 10 10 50 50 50 50 50 50 50 10 10 10 10 10 10 10 10 10 10 10 10 10
10 10 30 30 50 50 50 50 50 10 50 50 50 50 50 50 50 50 50 50 30 30 50 50 50 50 50 50 50 50 50 50 50 50 50 50 50 50 50 50 50 50 50 50 50 50 50 50 50 50 50 50 50 50 50 50 50 50 50 50 50 50 50 50 50 50 50 50 50 50 50 50 50 50 50 50 50 50 50 50 50 10 10 10 10 50 50 50 50 50 50 50 50 50 50 50 50 50 50 50 50 50 50 10 10 10 10 10 10 10 10 10 10 10 50 50 50 10 10 10 10 10 10 50 50 10 10 10 10 10 10 10 50 50 50 50 50 50 50 10 10 10 10 50 50 50 50 50 30 30 10 10 10 10 10 10 10 10 10 10 10 10 10 10 10 10 10 50 50 50 50 50 10 10 10 10 10 10 50 50 50 10 10 10 10 10 10
10 10 50 50 50 50 50 10 10 10 50 50 50 50 50 50 50 50 30 30 30 30 50 50 50 50 50 50 50 50 50 50 50 50 50 50 50 50 50 50 50 50 50 50 50 50 50 50 50 50 50 50 50 50 10 50 50 50 50 10 10 10 50 50 50 50 50 50 50 50 50 50 50 50 50 50 50 50 50 50 50 10 10 10 10 50 50 50 50 50 50 50 50 50 50 50 50 50 50 50 50 50 50 50 50 50 50 10 10 10 10 10 10 10 50 50 50 10 10 10 10 10 10 50 50 10 10 10 10 10 10 10 50 50 50 50 50 50 50 10 10 10 10 10 10 50 50 50 50 50 10 10 10 10 10 10 10 10 10 10 10 10 10 10 10 10 10 50 50 50 50 50 10 10 10 10 10 10 10 10 50 50 50 10 10 10 10
10 50 50 50 50 50 50 10 10 50 50 50 50 50 50 50 10 10 10 30 30 50 50 50 50 50 50 50 50 50 50 50 50 50 50 50 50 50 50 50 50 50 50 50 50 50 50 50 50 50 50 50 50 50 50 50 50 50 10 10 10 50 50 50 50 50 50 50 50 50 50 50 50 50 50 50 50 10 10 50 50 50 10 10 10 50 50 50 10 10 10 50 50 50 50 50 50 50 50 50 50 50 50 50 50 50 50 10 10 10 10 10 10 50 50 50 50 10 10 10 10 10 10 50 50 50 10 10 10 10 10 10 50 50 50 50 50 50 50 10 10 10 10 10 10 50 50 50 50 50 50 10 10 10 10 10 10 10 50 50 50 50 10 10 10 10 10 10 10 50 50 50 10 10 10 10 10 10 10 10 50 50 50 10 10 10 10
50 50 50 50 50 50 50 50 50 50 50 50 50 50 50 50 10 10 50 30 50 50 50 50 50 50 50 50 50 50 50 50 50 50 50 50 50 50 50 50 50 50 50 50 50 50 30 30 30 50 50 50 50 50 50 50 50 50 50 50 50 50 50 50 50 50 50 50 50 50 50 50 50 10 50 50 50 10 10 50 50 50 10 10 10 10 50 50 10 10 10 50 50 50 50 10 10 10 50 50 50 50 50 50 50 50 50 10 10 10 10 10 10 50 50 50 50 10 10 10 10 10 10 50 50 50 10 10 10 10 10 10 50 50 50 10 10 10 10 10 50 50 10 10 50 50 50 50 50 50 50 50 50 50 50 50 50 50 50 50 50 50 50 50 10 10 10 10 10 10 10 10 10 10 10 10 10 10 10 50 50 50 10 10 10 10 10
